GeneName	PMID	Line index	The # of total tokens in sentence	Token Location in sentence
25978	pmid: 22366797	2	12	9
25978	pmid: 22366797	4	10	9
25978	pmid: 22366797	5	16	3
4280	pmid: 22366797	5	16	8
25978	pmid: 22366797	6	23	3
4280	pmid: 22366797	6	23	5
25978	pmid: 22366797	7	25	24
25978	pmid: 22366797	8	27	5
25978	pmid: 22366797	9	29	19
4280	pmid: 22366797	9	29	13
25978	pmid: 22366797	10	23	12
8239	pmid: 22361583	4	22	5
8239	pmid: 22361583	5	23	3
8239	pmid: 22361583	6	19	11
4280	pmid: 22361581	7	27	22
1057	pmid: 22359591	7	38	25
1057	pmid: 22357511	4	27	19
65018	pmid: 22354088	2	10	5
65018	pmid: 22354088	4	17	4
65018	pmid: 22354088	5	37	9
65018	pmid: 22354088	6	27	26
65018	pmid: 22354088	7	15	4
65018	pmid: 22354088	8	27	16
65018	pmid: 22354088	9	19	10
5978	pmid: 22353987	8	20	13
2012	pmid: 22344625	13	5	2
1057	pmid: 22341818	2	13	2
1057	pmid: 22341818	3	12	3
1057	pmid: 22341818	10	31	19
1057	pmid: 22341818	13	13	3
1057	pmid: 22341818	15	25	2
1057	pmid: 22341818	16	14	13
55737	pmid: 22336192	2	11	3
55737	pmid: 22336192	4	35	14
55997	pmid: 22336192	5	27	20
55737	pmid: 22336192	7	24	11
10541	pmid: 22334107	7	25	15
8741	pmid: 22334107	7	25	15
1990	pmid: 22324823	5	20	16
2009	pmid: 22324823	5	20	18
1057	pmid: 22323745	3	31	28
1057	pmid: 22323745	4	62	42
120892	pmid: 22323743	2	13	2
120892	pmid: 22323743	3	38	29
6749	pmid: 22323743	3	38	5
120892	pmid: 22323743	4	18	16
120892	pmid: 22323743	11	22	18
120892	pmid: 22323743	12	17	4
120892	pmid: 22323743	13	22	10
120892	pmid: 22315971	2	28	14
120892	pmid: 22315971	3	22	4
120892	pmid: 22315971	6	20	14
120892	pmid: 22315971	7	17	4
120892	pmid: 22315971	8	17	4
120892	pmid: 22315971	9	21	12
120892	pmid: 22315971	10	31	5
120892	pmid: 22315971	12	24	4
120892	pmid: 22315971	13	30	13
120892	pmid: 22315971	14	22	8
1057	pmid: 22315428	10	30	21
6749	pmid: 22314796	8	33	15
2012	pmid: 22314796	12	5	2
225	pmid: 22303740	3	22	21
5978	pmid: 22287946	3	42	3
55024	pmid: 22277522	3	19	8
1057	pmid: 22277493	7	18	12
79065	pmid: 22275429	2	17	3
8408	pmid: 22275429	2	17	6
79065	pmid: 22275429	10	33	14
8408	pmid: 22275429	10	33	11
1057	pmid: 22275077	8	20	14
1057	pmid: 22275077	9	25	7
2012	pmid: 22275077	14	5	2
64127	pmid: 22272321	5	32	30
64127	pmid: 22272321	8	32	21
1057	pmid: 22272321	8	32	4
4280	pmid: 22272321	8	32	23
64127	pmid: 22272321	9	14	4
64127	pmid: 22272321	11	36	4
1057	pmid: 22271527	2	17	13
1057	pmid: 22271527	5	30	25
1057	pmid: 22271527	7	32	21
1057	pmid: 22269801	5	27	24
1057	pmid: 22269801	6	21	20
1057	pmid: 22269801	9	25	24
23400	pmid: 22265822	2	17	7
23400	pmid: 22265822	5	18	7
23400	pmid: 22265822	6	13	6
23400	pmid: 22265822	9	22	7
23400	pmid: 22265822	10	64	44
9215	pmid: 22255666	7	26	7
55364	pmid: 22255666	8	35	30
5978	pmid: 22254350	2	13	6
9215	pmid: 22253756	6	17	12
1057	pmid: 22253756	9	35	18
6749	pmid: 22251502	4	34	11
79071	pmid: 22251502	12	22	13
2178	pmid: 22251502	12	22	13
4780	pmid: 22245093	10	22	21
4780	pmid: 22245093	11	9	5
4780	pmid: 22245093	12	10	9
4780	pmid: 22245093	13	21	19
11315	pmid: 22245093	14	26	25
4780	pmid: 22245093	15	29	27
4280	pmid: 22245043	8	22	17
4858	pmid: 22241380	7	63	2
2811	pmid: 22239959	6	27	8
1057	pmid: 22238344	3	25	9
65018	pmid: 22238344	4	31	10
2011	pmid: 22238344	4	31	7
65018	pmid: 22238344	5	11	9
65018	pmid: 22238344	7	18	9
65018	pmid: 22238344	8	10	3
65018	pmid: 22238344	9	18	13
2011	pmid: 22238344	10	7	4
65018	pmid: 22238344	11	27	10
2011	pmid: 22238344	11	27	4
2012	pmid: 22237833	14	10	7
9215	pmid: 22237722	3	14	9
9215	pmid: 22233685	11	34	6
65018	pmid: 22233331	3	26	17
65018	pmid: 22233331	7	17	2
65018	pmid: 22233331	10	13	6
8934	pmid: 22232350	2	16	10
254428	pmid: 22232350	6	25	10
8934	pmid: 22232350	6	25	8
8934	pmid: 22232350	8	25	9
8934	pmid: 22232350	10	33	15
120892	pmid: 22232350	12	43	42
8934	pmid: 22232350	14	29	12
1817	pmid: 22229124	3	25	22
2009	pmid: 22228827	5	29	26
55364	pmid: 22228826	4	12	7
120892	pmid: 22228096	5	44	6
120892	pmid: 22228096	6	24	5
10059	pmid: 22228096	6	24	23
9927	pmid: 22228096	7	17	8
10059	pmid: 22228096	7	17	4
120892	pmid: 22228096	8	35	16
10059	pmid: 22228096	8	35	34
120892	pmid: 22228096	9	28	19
10059	pmid: 22228096	9	28	11
11315	pmid: 22227451	4	35	23
9215	pmid: 22222634	8	23	19
55364	pmid: 22220437	16	25	7
1057	pmid: 22219196	4	25	8
9446	pmid: 22219196	5	33	8
4780	pmid: 22218995	11	27	8
55364	pmid: 22217609	6	12	7
1057	pmid: 22216802	9	36	33
55364	pmid: 22215534	3	30	6
55364	pmid: 22215333	2	13	10
55364	pmid: 22215333	4	26	19
55364	pmid: 22215333	9	21	18
55364	pmid: 22213411	13	8	6
4280	pmid: 22211740	9	24	21
9215	pmid: 22211740	12	29	5
50943	pmid: 22211687	6	37	22
1934	pmid: 22211682	5	23	8
55364	pmid: 22202748	23	31	11
1000	pmid: 22194359	5	25	23
1057	pmid: 22194359	6	29	20
1319	pmid: 22190305	3	17	16
4280	pmid: 22188655	6	50	38
4280	pmid: 22188655	7	20	8
4280	pmid: 22188655	8	29	2
1057	pmid: 22187934	5	19	18
1057	pmid: 22187934	6	19	8
55364	pmid: 22187934	12	27	20
55364	pmid: 22187934	14	15	5
120892	pmid: 22166457	5	24	23
6622	pmid: 22166457	5	24	21
120892	pmid: 22166457	6	26	7
683	pmid: 22166457	7	31	6
1057	pmid: 22166457	7	31	10
55024	pmid: 22166446	6	26	9
55364	pmid: 22166425	11	31	17
4280	pmid: 22166418	5	41	10
1057	pmid: 22166418	6	17	9
2522	pmid: 22187000	5	10	2
1057	pmid: 22187000	7	29	23
1057	pmid: 22185909	4	22	20
1057	pmid: 22185909	11	14	10
1057	pmid: 22185909	17	10	9
1057	pmid: 22185909	18	19	15
1057	pmid: 22180013	6	33	27
1057	pmid: 22180013	8	25	15
1057	pmid: 22180013	9	18	9
1057	pmid: 22180013	10	21	9
11315	pmid: 22173095	5	30	8
11315	pmid: 22173095	7	56	31
11315	pmid: 22173095	8	39	34
1057	pmid: 22171055	11	38	24
120892	pmid: 22170881	2	10	8
120892	pmid: 22170881	3	76	16
120892	pmid: 22170881	4	34	15
120892	pmid: 22170881	8	25	14
9215	pmid: 22165049	8	26	3
1057	pmid: 22165049	11	30	3
1760	pmid: 22162533	4	24	13
1798	pmid: 22162533	4	24	15
1690	pmid: 22162533	6	43	32
2011	pmid: 22162144	18	5	2
1990	pmid: 22161166	3	19	3
1999	pmid: 22161166	6	32	12
2011	pmid: 22161166	6	32	15
1057	pmid: 22157187	2	17	9
1576	pmid: 22157006	4	32	4
6749	pmid: 22147682	9	41	15
4280	pmid: 22131425	9	33	2
4280	pmid: 22131425	10	45	10
6620	pmid: 22128150	8	24	3
5071	pmid: 22118943	6	11	9
5663	pmid: 22118943	7	23	12
5664	pmid: 22118943	7	23	21
120892	pmid: 22118943	8	23	11
6622	pmid: 22118943	8	23	8
1057	pmid: 22113202	6	20	7
2475	pmid: 22113202	10	17	8
1057	pmid: 22110694	2	14	13
1057	pmid: 22110694	8	13	11
1057	pmid: 22110694	9	14	8
1057	pmid: 22110694	10	26	3
1057	pmid: 22110694	11	19	16
3920	pmid: 22108829	6	7	3
3920	pmid: 22108829	13	9	4
4137	pmid: 22104010	2	15	3
4137	pmid: 22104010	5	24	9
9215	pmid: 22104010	5	24	16
6622	pmid: 22104010	5	24	7
4137	pmid: 22104010	7	36	34
6622	pmid: 22104010	7	36	26
4137	pmid: 22104010	8	43	33
6622	pmid: 22104010	8	43	20
6622	pmid: 22104010	9	20	19
4137	pmid: 22104010	10	19	7
6622	pmid: 22104010	10	19	5
1057	pmid: 22096232	6	31	12
5879	pmid: 22094225	10	14	9
9215	pmid: 22093536	8	29	20
2870	pmid: 22090514	11	13	7
2870	pmid: 22090514	12	21	19
1057	pmid: 22089194	11	20	13
1057	pmid: 22089194	12	29	17
6749	pmid: 22086428	9	24	3
2005	pmid: 22086220	3	52	49
1057	pmid: 22085464	5	26	17
1057	pmid: 22085464	10	26	25
120892	pmid: 22080837	3	33	25
120892	pmid: 22080837	4	22	18
120892	pmid: 22080837	5	26	10
1057	pmid: 22080837	5	26	21
120892	pmid: 22080837	6	30	17
120892	pmid: 22080837	8	23	8
9215	pmid: 22080197	7	32	3
65018	pmid: 22078885	4	24	12
65018	pmid: 22078885	10	16	4
1057	pmid: 22075520	5	27	26
1057	pmid: 22075520	7	19	6
1057	pmid: 22075520	9	17	10
1057	pmid: 22075520	12	18	13
1057	pmid: 22075520	13	19	2
1057	pmid: 22075520	14	27	7
1057	pmid: 22075520	15	20	17
3920	pmid: 22074992	14	20	3
3920	pmid: 22074992	15	24	8
2011	pmid: 22072662	4	42	38
8239	pmid: 22065755	6	14	7
8239	pmid: 22065755	9	20	14
8239	pmid: 22065755	10	21	3
8239	pmid: 22065755	11	29	7
8239	pmid: 22065755	14	23	5
1057	pmid: 22064864	3	29	16
1057	pmid: 22064864	6	6	5
5598	pmid: 22064864	7	37	35
596	pmid: 22045327	5	57	45
9215	pmid: 22045324	3	12	6
1057	pmid: 22056989	5	12	8
4280	pmid: 22056989	13	36	5
1057	pmid: 22052286	12	18	2
1057	pmid: 22047128	2	13	6
22900	pmid: 22046592	4	33	28
6749	pmid: 22046592	4	33	3
65018	pmid: 22043288	2	8	4
65018	pmid: 22043288	4	16	9
65018	pmid: 22043288	5	42	19
1057	pmid: 22043288	6	15	14
65018	pmid: 22043288	6	15	9
65018	pmid: 22043288	7	42	6
65018	pmid: 22043288	10	38	10
65018	pmid: 22043175	2	16	12
4280	pmid: 22043175	8	29	15
65018	pmid: 22043175	8	29	11
65018	pmid: 22043175	9	23	13
2004	pmid: 22021174	3	45	37
2005	pmid: 22021174	3	45	28
2010	pmid: 22021174	6	31	29
2011	pmid: 22021174	27	5	2
2004	pmid: 22021173	4	30	22
2010	pmid: 22021173	4	30	28
6311	pmid: 22037902	4	15	3
6311	pmid: 22037902	7	36	9
6311	pmid: 22037902	8	19	8
6311	pmid: 22037902	11	25	12
6622	pmid: 22037599	8	14	7
6622	pmid: 22037599	9	19	2
6622	pmid: 22037599	10	12	3
6622	pmid: 22037599	11	25	13
6622	pmid: 22037599	12	12	3
6647	pmid: 22036560	4	23	15
79071	pmid: 22027928	7	23	6
2178	pmid: 22027928	7	23	6
1316	pmid: 22025277	4	21	8
6622	pmid: 22025277	6	11	10
6622	pmid: 22025277	8	32	25
9215	pmid: 22025277	9	31	9
6622	pmid: 22025277	9	31	24
23400	pmid: 22022275	2	22	9
10273	pmid: 22022275	5	31	17
23400	pmid: 22022275	7	45	44
23400	pmid: 22022275	8	19	5
23400	pmid: 22022275	9	11	7
9215	pmid: 22020457	5	32	15
10922	pmid: 22019648	2	15	5
10922	pmid: 22019648	3	29	11
10922	pmid: 22019648	4	31	30
10922	pmid: 22019648	9	29	6
1057	pmid: 22016808	12	47	17
55364	pmid: 22013567	5	14	5
11315	pmid: 22013209	9	36	34
120892	pmid: 22013209	11	27	26
1057	pmid: 22011618	8	19	4
1057	pmid: 22009151	4	28	27
1057	pmid: 22009151	8	27	14
6749	pmid: 22005945	4	27	20
120892	pmid: 22004453	2	17	15
120892	pmid: 22004453	5	28	24
120892	pmid: 22004453	7	29	27
120892	pmid: 22004453	12	26	9
1057	pmid: 22003392	4	22	21
57695	pmid: 22003392	9	42	21
7903	pmid: 22003392	10	14	4
1057	pmid: 22000081	4	65	54
55364	pmid: 21995451	2	13	2
55364	pmid: 21995451	11	23	12
4405	pmid: 21994149	13	11	8
1644	pmid: 21994149	14	15	10
2413	pmid: 21994149	14	15	5
2011	pmid: 21994149	19	5	2
55364	pmid: 21993592	7	38	16
55997	pmid: 21990005	12	43	13
55364	pmid: 21989388	3	29	25
1057	pmid: 21986423	3	28	5
1057	pmid: 21986423	6	31	10
1057	pmid: 21983723	2	28	21
1057	pmid: 21983723	3	32	25
1057	pmid: 21983723	8	17	5
1057	pmid: 21983723	16	38	17
83636	pmid: 21981780	9	29	16
5978	pmid: 21978795	4	19	16
55364	pmid: 21971352	9	30	15
55364	pmid: 21967281	2	20	11
2068	pmid: 21967281	7	21	9
2149	pmid: 21967281	7	21	2
79071	pmid: 21967281	12	20	10
2178	pmid: 21967281	12	20	10
55364	pmid: 21966751	7	22	12
9215	pmid: 21963735	3	31	17
9215	pmid: 21961647	3	29	7
120892	pmid: 21961647	4	28	13
120892	pmid: 21960214	3	19	4
120892	pmid: 21960214	5	13	5
120892	pmid: 21960214	6	21	9
120892	pmid: 21960214	7	14	9
10922	pmid: 21959675	9	38	25
9215	pmid: 21957415	6	21	9
9215	pmid: 21956541	4	10	6
10044	pmid: 21955729	10	27	11
10044	pmid: 21955729	12	44	10
120892	pmid: 21954089	2	16	7
120892	pmid: 21954089	3	17	7
120892	pmid: 21954089	5	28	19
120892	pmid: 21954089	10	29	9
9215	pmid: 21953897	3	27	23
6622	pmid: 21953863	2	13	3
6622	pmid: 21953863	4	27	8
6622	pmid: 21953863	6	21	17
2011	pmid: 21953789	14	5	2
4734	pmid: 21953697	2	10	3
4734	pmid: 21953697	6	15	2
4734	pmid: 21953697	7	23	4
4734	pmid: 21953697	8	6	2
4734	pmid: 21953697	9	18	6
4734	pmid: 21953697	10	19	4
4734	pmid: 21953697	11	27	4
1057	pmid: 21951056	5	18	14
1057	pmid: 21951056	6	35	19
1057	pmid: 21951056	8	26	25
1057	pmid: 21950265	4	26	21
2010	pmid: 21947534	5	22	9
55364	pmid: 21947534	6	17	11
22900	pmid: 21941841	12	29	17
2006	pmid: 21940614	4	33	26
51667	pmid: 21937912	2	16	3
51667	pmid: 21937912	6	32	14
51667	pmid: 21937912	7	21	2
4280	pmid: 21937912	7	21	13
51667	pmid: 21937912	8	17	5
51667	pmid: 21937912	9	15	5
51667	pmid: 21937912	10	18	5
55364	pmid: 21936884	3	16	14
2009	pmid: 21935799	4	32	30
1319	pmid: 21934376	4	39	32
1057	pmid: 21931820	11	31	30
4280	pmid: 21930938	11	22	5
1980	pmid: 21930414	6	16	14
4760	pmid: 21924950	7	24	22
5694	pmid: 21924950	7	24	6
7528	pmid: 21924950	7	24	6
5694	pmid: 21924950	9	29	19
7528	pmid: 21924950	9	29	19
83985	pmid: 21924367	4	25	11
1057	pmid: 21922512	4	18	10
3356	pmid: 21921840	2	15	3
3356	pmid: 21921840	8	21	4
3356	pmid: 21921840	9	20	3
3358	pmid: 21921840	9	20	11
3356	pmid: 21921840	10	33	10
55626	pmid: 21921694	5	25	8
55626	pmid: 21921694	8	27	20
2009	pmid: 21919541	16	30	11
2018	pmid: 21919541	17	14	10
5262	pmid: 21915906	5	20	5
5262	pmid: 21915906	7	43	8
8301	pmid: 21912625	2	11	8
8301	pmid: 21912625	3	25	17
348	pmid: 21912625	8	16	9
348	pmid: 21912625	9	17	12
8301	pmid: 21912625	11	18	11
1057	pmid: 21911417	4	13	4
9215	pmid: 21911417	11	28	22
1057	pmid: 21911417	15	34	13
55364	pmid: 21910444	2	14	2
5252	pmid: 21910444	2	14	10
5252	pmid: 21910444	4	44	41
9215	pmid: 21910444	5	30	2
348	pmid: 21907175	5	24	5
1981	pmid: 21907011	2	8	3
1981	pmid: 21907011	5	35	7
1981	pmid: 21907011	6	22	8
3646	pmid: 21907011	7	25	8
1977	pmid: 21907011	7	25	6
1057	pmid: 21906664	5	43	38
4280	pmid: 21906664	7	9	4
4280	pmid: 21906664	9	37	4
4280	pmid: 21906664	10	28	20
1057	pmid: 21906664	14	9	8
4280	pmid: 21906664	14	9	4
1057	pmid: 21906659	7	33	22
1057	pmid: 21906659	9	25	14
1057	pmid: 21905078	2	6	2
1057	pmid: 21905078	3	20	7
1057	pmid: 21905078	4	23	13
1057	pmid: 21905078	5	24	23
1057	pmid: 21905078	6	31	26
1057	pmid: 21905078	7	32	12
1057	pmid: 21905078	8	32	19
11335	pmid: 21904267	3	15	6
11335	pmid: 21904267	4	37	13
3356	pmid: 21892895	10	17	9
79071	pmid: 21890575	9	17	16
2178	pmid: 21890575	9	17	16
9215	pmid: 21890574	9	43	22
6311	pmid: 21889984	6	19	12
1490	pmid: 21889984	7	31	4
6311	pmid: 21889984	7	31	14
6311	pmid: 21889984	9	23	8
5978	pmid: 21887350	2	19	7
5978	pmid: 21887350	14	73	9
120892	pmid: 21885347	2	13	3
120892	pmid: 21885347	5	25	7
120892	pmid: 21885347	7	22	8
120892	pmid: 21885347	10	30	3
1376	pmid: 21885347	10	30	18
5595	pmid: 21885347	10	30	16
120892	pmid: 21885347	15	23	4
120892	pmid: 21885347	17	18	16
120892	pmid: 21885346	2	9	4
9215	pmid: 21884132	9	30	4
2009	pmid: 21881468	6	25	19
1057	pmid: 21880913	4	32	11
4280	pmid: 21880913	4	32	2
4280	pmid: 21880913	7	30	25
2004	pmid: 21880335	3	11	2
9575	pmid: 21880335	6	70	44
22900	pmid: 21878363	3	39	3
1057	pmid: 21876529	5	26	25
1057	pmid: 21876529	18	32	13
1319	pmid: 21876529	18	32	18
9215	pmid: 21876529	21	27	11
11335	pmid: 21872587	2	18	2
11335	pmid: 21872587	8	30	16
11335	pmid: 21872587	9	35	3
2010	pmid: 21872561	5	15	10
1057	pmid: 21872441	6	22	14
4280	pmid: 21871902	8	50	5
5978	pmid: 21871844	2	16	4
5978	pmid: 21871844	4	18	14
5978	pmid: 21871844	7	37	3
5978	pmid: 21871844	11	24	8
120892	pmid: 21866175	2	14	5
120892	pmid: 21866175	4	22	5
120892	pmid: 21866175	5	14	4
120892	pmid: 21866175	6	23	13
120892	pmid: 21866175	7	33	32
120892	pmid: 21866175	8	18	10
9215	pmid: 21866175	8	18	9
120892	pmid: 21866175	10	24	5
1057	pmid: 21865882	2	31	4
1057	pmid: 21865882	3	41	2
1057	pmid: 21865882	7	22	2
6749	pmid: 21865760	10	29	12
4280	pmid: 21865652	2	14	10
4280	pmid: 21865652	6	17	10
4280	pmid: 21865652	7	9	2
948	pmid: 21865652	12	21	9
5444	pmid: 21864557	5	17	16
5444	pmid: 21864557	7	19	14
5444	pmid: 21864557	8	22	9
5444	pmid: 21864557	9	21	13
5444	pmid: 21864557	10	11	6
5444	pmid: 21864557	12	24	23
5444	pmid: 21864557	13	28	17
4280	pmid: 21864527	7	26	11
4280	pmid: 21864527	8	16	12
9575	pmid: 21864527	9	40	10
1057	pmid: 21864078	9	42	35
1057	pmid: 21863007	7	19	8
6622	pmid: 21863007	7	19	12
10922	pmid: 21858182	9	16	11
79071	pmid: 21856319	7	60	38
2178	pmid: 21856319	7	60	38
79071	pmid: 21856319	8	35	30
2178	pmid: 21856319	8	35	30
9215	pmid: 21855895	7	24	7
55364	pmid: 21855627	8	24	21
55364	pmid: 21855627	12	28	24
55364	pmid: 21855627	13	17	10
1987	pmid: 21853051	5	32	19
1057	pmid: 21852951	6	17	15
1057	pmid: 21852951	9	43	28
1057	pmid: 21852951	11	30	29
11315	pmid: 21852238	2	8	2
11315	pmid: 21852238	4	15	6
11315	pmid: 21852238	6	20	5
11315	pmid: 21852238	7	8	4
11315	pmid: 21852238	8	19	18
11315	pmid: 21852238	9	22	2
11315	pmid: 21852238	10	27	7
1057	pmid: 21852238	11	21	10
11315	pmid: 21852238	11	21	5
9575	pmid: 21851954	7	38	15
120892	pmid: 21850687	2	13	3
120892	pmid: 21850687	5	22	5
120892	pmid: 21850687	6	15	5
120892	pmid: 21850687	10	22	4
120892	pmid: 21850687	11	18	14
1057	pmid: 21850687	11	18	17
1820	pmid: 21850279	13	25	7
4280	pmid: 21849493	6	47	44
168400	pmid: 21847085	14	12	9
4280	pmid: 21846727	2	16	5
4280	pmid: 21846727	6	18	5
4280	pmid: 21846727	8	30	22
4280	pmid: 21846727	9	14	4
4280	pmid: 21846727	11	40	18
1057	pmid: 21846476	2	20	13
1057	pmid: 21846476	4	15	11
1057	pmid: 21846476	5	27	21
5694	pmid: 21846476	8	25	12
7528	pmid: 21846476	8	25	12
1057	pmid: 21846476	9	32	22
1057	pmid: 21846476	10	16	15
4280	pmid: 21846476	11	19	14
1934	pmid: 21843964	6	28	5
120892	pmid: 21842440	2	11	2
9215	pmid: 21839478	5	17	10
1057	pmid: 21838671	4	26	22
6622	pmid: 21838671	4	26	11
2005	pmid: 21832214	5	44	17
55364	pmid: 21832061	13	13	6
9215	pmid: 21831682	3	29	2
2629	pmid: 21831682	4	48	22
55364	pmid: 21831400	4	22	15
9215	pmid: 21829612	3	37	14
6622	pmid: 21829596	3	20	18
5071	pmid: 21829596	4	28	17
120892	pmid: 21829596	5	23	18
5071	pmid: 21829596	5	23	22
5071	pmid: 21829596	8	27	14
80005	pmid: 21829596	9	18	15
84669	pmid: 21829596	9	18	13
80005	pmid: 21829596	12	25	2
1057	pmid: 21829596	13	22	21
84669	pmid: 21829596	14	33	2
5071	pmid: 21829596	15	17	7
55364	pmid: 21829225	4	37	9
4000	pmid: 21829225	7	31	4
1057	pmid: 21829225	9	32	4
9215	pmid: 21825238	5	20	7
1000	pmid: 21825080	6	23	20
22900	pmid: 21822547	3	29	6
1057	pmid: 21821107	7	29	5
1057	pmid: 21815648	5	37	8
1057	pmid: 21815648	11	44	37
4217	pmid: 21815648	11	44	13
4217	pmid: 21815648	14	22	3
1057	pmid: 21815648	16	11	10
4217	pmid: 21815648	16	11	5
4217	pmid: 21815648	17	26	4
3178	pmid: 21813140	5	19	2
1572	pmid: 21813140	5	19	11
1718	pmid: 21813140	5	19	17
683	pmid: 21812969	4	32	30
6622	pmid: 21812969	4	32	16
10497	pmid: 21812969	12	28	22
120892	pmid: 21812969	13	72	58
683	pmid: 21812969	13	72	25
27074	pmid: 21812969	13	72	38
6622	pmid: 21812969	13	72	10
1057	pmid: 21812497	8	32	16
1057	pmid: 21812497	11	26	6
120892	pmid: 21812418	4	36	27
120892	pmid: 21812418	5	15	14
1326	pmid: 21811303	5	46	4
1326	pmid: 21811303	9	29	3
9215	pmid: 21811303	12	27	19
5426	pmid: 21811128	9	19	11
11315	pmid: 21810464	4	26	15
2562	pmid: 21809259	6	19	3
120892	pmid: 21806997	5	35	7
9215	pmid: 21806997	7	36	9
1057	pmid: 21806997	11	22	21
4280	pmid: 21806997	11	22	19
10541	pmid: 21804282	6	44	25
1999	pmid: 21804282	6	44	23
8741	pmid: 21804282	6	44	25
9215	pmid: 21804282	12	33	9
55364	pmid: 21804280	2	11	7
9215	pmid: 21804006	12	8	7
1057	pmid: 21803216	6	21	3
55364	pmid: 21802694	3	23	18
9215	pmid: 21802694	3	23	16
9215	pmid: 21802694	4	34	23
9215	pmid: 21801451	3	34	29
83985	pmid: 21800960	7	15	10
120892	pmid: 21799870	2	16	2
1057	pmid: 21799870	2	16	10
120892	pmid: 21799870	3	9	4
120892	pmid: 21799870	4	24	19
1057	pmid: 21799870	4	24	9
120892	pmid: 21799870	5	58	52
1057	pmid: 21799870	5	58	57
120892	pmid: 21799870	7	25	19
1057	pmid: 21799870	7	25	14
120892	pmid: 21799870	8	31	5
1057	pmid: 21799745	4	23	7
1057	pmid: 21799745	5	28	24
4280	pmid: 21798732	4	19	17
4280	pmid: 21798732	7	24	15
1057	pmid: 21798243	6	27	23
11315	pmid: 21796667	4	13	10
4280	pmid: 21796667	6	19	7
11315	pmid: 21796667	6	19	5
11315	pmid: 21796667	8	20	5
131096	pmid: 21796667	9	13	6
4280	pmid: 21796667	10	30	26
11315	pmid: 21796667	10	30	24
6647	pmid: 21796667	10	30	15
11315	pmid: 21796667	11	13	6
6647	pmid: 21796667	11	13	4
11315	pmid: 21796667	12	27	15
6647	pmid: 21796667	12	27	17
11315	pmid: 21796667	13	18	5
6647	pmid: 21796667	13	18	7
1057	pmid: 21796424	6	17	10
1057	pmid: 21795716	2	19	15
1761	pmid: 21795716	6	26	15
1057	pmid: 21795716	7	14	13
1761	pmid: 21795716	7	14	4
1057	pmid: 21795716	9	10	3
1057	pmid: 21795716	11	12	7
1057	pmid: 21795716	12	20	19
4280	pmid: 21793734	7	39	4
4280	pmid: 21793734	9	45	25
55364	pmid: 21791351	6	34	19
3122	pmid: 21791235	3	25	9
2932	pmid: 21790007	2	12	3
1934	pmid: 21790007	5	36	13
2932	pmid: 21790007	6	19	9
55364	pmid: 21788252	3	30	20
55364	pmid: 21788252	11	25	5
9644	pmid: 21787968	7	9	6
10922	pmid: 21787806	9	22	16
4137	pmid: 21787314	2	16	14
6622	pmid: 21787314	2	16	12
4280	pmid: 21787314	3	32	5
120892	pmid: 21787314	4	33	21
4137	pmid: 21787314	4	33	29
4280	pmid: 21787314	4	33	17
65018	pmid: 21784538	4	18	3
5072	pmid: 21782285	2	12	8
5072	pmid: 21782285	3	31	30
4280	pmid: 21782285	4	22	16
5072	pmid: 21782285	4	22	9
6547	pmid: 21782285	8	13	9
9321	pmid: 21782285	8	13	12
5072	pmid: 21782285	13	17	9
9215	pmid: 21782285	14	16	4
5072	pmid: 21782285	15	21	8
1815	pmid: 21781348	5	42	17
4129	pmid: 21781348	6	36	7
1312	pmid: 21781348	7	29	5
1813	pmid: 21781348	8	12	2
1815	pmid: 21781348	8	12	5
1312	pmid: 21781348	9	44	2
1312	pmid: 21781348	11	15	2
4129	pmid: 21781348	11	15	5
1057	pmid: 21776258	3	21	11
1057	pmid: 21776258	9	23	22
57498	pmid: 21775040	6	8	5
348	pmid: 21772670	4	32	10
348	pmid: 21772670	5	36	27
348	pmid: 21772670	6	11	2
348	pmid: 21772670	7	16	12
348	pmid: 21772670	8	24	19
348	pmid: 21772670	9	25	21
2596	pmid: 21769916	2	10	9
1057	pmid: 21769916	3	19	2
1057	pmid: 21769916	6	16	11
8877	pmid: 21769916	6	16	5
2596	pmid: 21769916	8	27	12
8877	pmid: 21769916	8	27	24
2596	pmid: 21769916	9	16	15
8877	pmid: 21769916	9	16	7
2596	pmid: 21769916	11	6	5
2596	pmid: 21769916	12	35	34
8877	pmid: 21769916	16	21	12
2596	pmid: 21769916	17	15	6
1057	pmid: 21769124	2	11	7
2000	pmid: 21768919	6	15	4
9215	pmid: 21768599	10	15	13
9215	pmid: 21768369	5	40	35
65018	pmid: 21768365	4	15	12
65018	pmid: 21768365	11	31	16
120892	pmid: 21768216	2	17	3
120892	pmid: 21768216	3	42	35
120892	pmid: 21768216	4	31	30
120892	pmid: 21768216	5	11	9
120892	pmid: 21768216	7	22	16
120892	pmid: 21768216	8	13	6
142	pmid: 21767974	2	8	4
1057	pmid: 21767974	4	29	28
142	pmid: 21767974	5	23	13
142	pmid: 21767974	6	25	11
142	pmid: 21767974	9	33	10
142	pmid: 21767974	10	17	7
55364	pmid: 21767798	4	17	7
10752	pmid: 21767534	11	46	34
1057	pmid: 21766003	2	22	13
1057	pmid: 21766003	5	35	12
1057	pmid: 21766003	9	25	6
55364	pmid: 21765244	2	13	5
55364	pmid: 21765244	3	36	10
55737	pmid: 21763483	4	20	10
55737	pmid: 21763483	8	20	4
55737	pmid: 21763482	9	34	13
55737	pmid: 21763482	12	21	6
43	pmid: 21762928	10	21	3
6622	pmid: 21761143	4	21	8
6622	pmid: 21761143	6	40	19
6622	pmid: 21761143	10	18	9
1057	pmid: 21760537	7	18	14
2011	pmid: 21757958	6	40	10
1934	pmid: 21757872	2	18	4
1934	pmid: 21757872	3	45	36
1934	pmid: 21757872	6	25	18
1934	pmid: 21757872	7	24	7
1934	pmid: 21757872	8	20	5
1934	pmid: 21757872	9	24	5
1057	pmid: 21757228	3	30	28
1057	pmid: 21757228	7	27	25
9215	pmid: 21756926	4	51	50
120892	pmid: 21753163	2	9	6
120892	pmid: 21753163	3	35	16
9215	pmid: 21753163	12	22	5
120892	pmid: 21753159	2	7	4
120892	pmid: 21753159	6	39	4
120892	pmid: 21753159	7	18	16
120892	pmid: 21753159	8	14	12
120892	pmid: 21753159	9	27	10
120892	pmid: 21753159	13	14	5
120892	pmid: 21753159	14	30	9
22900	pmid: 21751608	4	15	2
22900	pmid: 21751608	5	15	13
4780	pmid: 21747966	5	23	11
1057	pmid: 21747966	6	40	12
4780	pmid: 21747966	8	25	4
4780	pmid: 21747966	9	26	11
4780	pmid: 21747966	10	38	18
4780	pmid: 21747966	12	32	19
1847	pmid: 21747034	2	17	15
1535	pmid: 21747034	6	20	17
1847	pmid: 21747034	6	20	2
9215	pmid: 21747029	4	21	16
55364	pmid: 21745139	5	23	8
1057	pmid: 21745139	6	50	47
1057	pmid: 21745139	7	28	22
11315	pmid: 21745139	7	28	14
2629	pmid: 21742527	5	21	15
2629	pmid: 21742527	6	30	27
348	pmid: 21741729	5	38	5
348	pmid: 21741729	11	19	6
9215	pmid: 21741663	3	28	10
207	pmid: 21741444	2	10	7
207	pmid: 21741444	3	24	4
1057	pmid: 21741444	3	24	16
1057	pmid: 21741444	4	30	29
207	pmid: 21741444	5	18	7
207	pmid: 21741444	6	21	20
207	pmid: 21741444	10	23	18
1057	pmid: 21741364	6	21	20
4280	pmid: 21740438	2	16	6
55364	pmid: 21740438	4	22	3
4280	pmid: 21740438	5	32	30
4280	pmid: 21740438	13	37	20
1057	pmid: 21738693	12	33	27
120892	pmid: 21738687	2	13	3
120892	pmid: 21738687	4	13	7
120892	pmid: 21738687	5	20	7
120892	pmid: 21738687	6	26	25
120892	pmid: 21738687	7	19	13
120892	pmid: 21738687	8	6	5
120892	pmid: 21738687	9	27	13
120892	pmid: 21738687	10	25	9
120892	pmid: 21738687	11	15	5
120892	pmid: 21738687	12	15	8
120892	pmid: 21738687	13	22	11
950	pmid: 21738487	5	36	11
5179	pmid: 21737418	7	23	21
5179	pmid: 21737418	8	28	13
4280	pmid: 21737418	12	24	9
5173	pmid: 21737418	12	24	7
5426	pmid: 21736911	6	26	11
4280	pmid: 21736911	6	26	6
4280	pmid: 21736911	8	14	11
1057	pmid: 21736911	9	26	8
1057	pmid: 21736911	10	19	8
4280	pmid: 21736911	15	17	12
10922	pmid: 21736878	4	24	13
10922	pmid: 21736878	5	13	7
84894	pmid: 21734494	4	41	35
65018	pmid: 21734494	6	22	6
1057	pmid: 21734329	2	10	9
1057	pmid: 21734329	8	32	24
1057	pmid: 21734329	9	25	24
1057	pmid: 21734329	13	34	26
55364	pmid: 21733529	2	18	2
55364	pmid: 21733529	5	24	7
9215	pmid: 21731658	9	14	3
2861	pmid: 21731658	11	33	15
4318	pmid: 21731633	11	24	17
4280	pmid: 21730160	5	38	11
4280	pmid: 21730160	6	21	14
2629	pmid: 21730160	7	29	9
1057	pmid: 21725324	6	41	40
1057	pmid: 21725324	9	27	25
23400	pmid: 21724849	2	10	9
23400	pmid: 21724849	3	23	4
1769	pmid: 21724849	4	15	7
23400	pmid: 21724849	6	21	20
23400	pmid: 21724849	7	28	12
1057	pmid: 21724849	7	28	22
23400	pmid: 21724849	8	20	4
23400	pmid: 21724849	9	8	3
23400	pmid: 21724849	10	19	5
1057	pmid: 21723913	5	30	13
1057	pmid: 21722302	3	44	5
9215	pmid: 21720849	7	15	6
9215	pmid: 21720849	11	47	4
22900	pmid: 21719744	8	31	11
4780	pmid: 21719443	2	18	4
4780	pmid: 21719443	6	21	8
4780	pmid: 21719443	8	25	12
9817	pmid: 21719443	9	21	20
4780	pmid: 21719443	9	21	11
9817	pmid: 21719443	10	14	13
4780	pmid: 21719443	11	16	9
4780	pmid: 21719443	12	25	18
10922	pmid: 21718966	12	28	20
1057	pmid: 21718949	11	26	12
1991	pmid: 21718277	5	26	24
23400	pmid: 21714071	3	12	3
23400	pmid: 21714071	4	13	10
23400	pmid: 21714071	7	29	13
23400	pmid: 21714071	14	15	8
23400	pmid: 21714071	15	12	5
120892	pmid: 21712955	2	10	5
120892	pmid: 21712955	5	31	5
120892	pmid: 21712955	7	33	27
120892	pmid: 21712955	13	33	7
1057	pmid: 21712347	3	21	7
1057	pmid: 21712347	6	30	14
1057	pmid: 21712347	7	35	9
1057	pmid: 21712347	8	21	4
1057	pmid: 21712347	9	18	9
1057	pmid: 21712347	10	32	14
1057	pmid: 21712347	11	58	50
3163	pmid: 21709601	5	14	9
3163	pmid: 21709601	6	24	14
3163	pmid: 21709601	7	24	9
3163	pmid: 21709601	8	18	17
3163	pmid: 21709601	10	23	12
1057	pmid: 21708261	2	13	5
1057	pmid: 21708261	3	15	6
1057	pmid: 21708261	5	36	29
1057	pmid: 21708261	6	45	15
1057	pmid: 21708261	11	30	10
55364	pmid: 21705162	6	9	7
55364	pmid: 21705162	15	11	4
55024	pmid: 21705022	5	29	19
55364	pmid: 21705020	13	31	22
9215	pmid: 21704673	3	30	3
9215	pmid: 21704337	5	29	6
120892	pmid: 21704337	6	30	29
120892	pmid: 21704337	7	30	19
55364	pmid: 21704337	16	22	17
1057	pmid: 21704161	3	42	33
4902	pmid: 21704161	9	28	24
4902	pmid: 21704161	10	29	26
55364	pmid: 21704161	11	34	16
4902	pmid: 21704161	13	24	23
1057	pmid: 21703827	3	37	15
1057	pmid: 21703827	9	15	14
1057	pmid: 21703827	16	25	10
11315	pmid: 21701815	2	20	16
11315	pmid: 21701815	4	16	3
11315	pmid: 21701815	5	14	4
11315	pmid: 21701815	7	31	14
11315	pmid: 21701815	8	37	35
11315	pmid: 21701815	9	36	35
11315	pmid: 21701815	12	26	8
27429	pmid: 21701785	2	17	14
27429	pmid: 21701785	4	20	6
27429	pmid: 21701785	5	25	8
27429	pmid: 21701785	9	12	5
27429	pmid: 21701785	10	28	20
27429	pmid: 21701785	11	24	19
27429	pmid: 21701785	12	14	9
27429	pmid: 21701785	13	19	12
1057	pmid: 21699982	9	25	9
387	pmid: 21699982	10	24	10
2624	pmid: 21699982	10	24	22
387	pmid: 21699982	11	16	5
10922	pmid: 21699482	6	50	47
83985	pmid: 21699482	6	50	48
120892	pmid: 21698001	2	11	5
120892	pmid: 21698001	6	32	6
4280	pmid: 21698001	6	32	9
120892	pmid: 21698001	7	16	13
120892	pmid: 21698001	12	33	4
120892	pmid: 21696411	4	30	28
120892	pmid: 21696411	5	32	15
120892	pmid: 21696411	6	32	21
120892	pmid: 21696411	7	45	29
120892	pmid: 21696411	8	24	15
120892	pmid: 21696411	9	16	7
120892	pmid: 21696411	11	17	8
1965	pmid: 21696087	7	31	28
22900	pmid: 21695419	3	14	9
22900	pmid: 21695419	8	26	14
11335	pmid: 21693708	2	15	5
4280	pmid: 21693708	5	27	3
4280	pmid: 21693708	6	9	2
4280	pmid: 21693708	8	9	2
4280	pmid: 21693708	9	21	8
5897	pmid: 21693708	9	21	3
2011	pmid: 21692754	6	7	2
55364	pmid: 21691241	2	15	3
9215	pmid: 21691241	3	30	17
55364	pmid: 21691241	4	34	12
55364	pmid: 21691241	5	24	16
55364	pmid: 21691241	7	103	2
55364	pmid: 21690031	10	51	5
1318	pmid: 21689962	5	26	6
1319	pmid: 21685825	2	15	14
1319	pmid: 21685825	3	12	5
1319	pmid: 21685825	4	19	14
1319	pmid: 21685825	8	19	2
4280	pmid: 21685825	8	19	5
1057	pmid: 21685825	11	45	44
5743	pmid: 21685825	11	45	40
10922	pmid: 21683700	9	31	10
1934	pmid: 21683700	13	23	17
1769	pmid: 21683120	6	18	12
2010	pmid: 21682352	4	17	11
55364	pmid: 21682352	13	13	11
120892	pmid: 21679972	8	35	32
120892	pmid: 21679126	4	29	17
120892	pmid: 21679126	5	19	10
120892	pmid: 21679126	6	14	11
10541	pmid: 21676990	5	35	31
8741	pmid: 21676990	5	35	31
120892	pmid: 21676337	2	8	3
120892	pmid: 21676337	5	21	10
120892	pmid: 21676337	6	21	6
2011	pmid: 21674693	16	4	2
9215	pmid: 21674622	6	35	6
2010	pmid: 21672953	3	39	30
57447	pmid: 21672576	2	8	4
4280	pmid: 21672576	4	32	15
57447	pmid: 21672576	4	32	9
57447	pmid: 21672576	5	24	5
1057	pmid: 21672576	7	33	27
57447	pmid: 21672576	7	33	7
57447	pmid: 21672576	8	21	6
1057	pmid: 21672576	9	21	19
57447	pmid: 21672576	9	21	8
1057	pmid: 21672576	10	20	19
57447	pmid: 21672576	10	20	5
1057	pmid: 21672570	2	14	9
55364	pmid: 21671840	3	13	5
55364	pmid: 21671840	6	19	8
2000	pmid: 21671840	7	14	11
1918	pmid: 21668692	3	27	25
1994	pmid: 21668692	6	37	14
3976	pmid: 21668692	8	10	3
5743	pmid: 21667279	2	14	11
5743	pmid: 21667279	5	12	3
1057	pmid: 21667279	6	50	43
5743	pmid: 21667279	6	50	32
1057	pmid: 21667279	7	26	25
1057	pmid: 21667279	8	36	22
5743	pmid: 21667279	8	36	8
1057	pmid: 21667279	9	20	14
23435	pmid: 21667065	2	15	8
23435	pmid: 21667065	3	35	4
23435	pmid: 21667065	4	22	3
23435	pmid: 21667065	13	23	10
1057	pmid: 21666500	2	15	2
1057	pmid: 21666500	3	16	9
1057	pmid: 21666500	4	17	16
1057	pmid: 21666500	5	19	17
1057	pmid: 21666500	6	16	14
1057	pmid: 21666500	7	35	30
1057	pmid: 21666500	9	22	7
22900	pmid: 21666262	12	34	33
27343	pmid: 21660634	6	45	18
2318	pmid: 21660634	10	15	11
8876	pmid: 21660634	10	15	7
56938	pmid: 21658431	2	9	4
9575	pmid: 21658431	3	11	10
406	pmid: 21658431	4	31	8
406	pmid: 21658431	5	17	8
9575	pmid: 21658431	6	25	12
9575	pmid: 21658431	8	16	14
56938	pmid: 21658431	9	17	4
9575	pmid: 21658431	10	20	12
207	pmid: 21658387	2	18	4
120892	pmid: 21658387	4	34	17
1057	pmid: 21658387	4	34	29
207	pmid: 21658387	5	16	9
207	pmid: 21658387	6	26	16
120892	pmid: 21658387	7	26	25
55024	pmid: 21658161	7	16	10
9215	pmid: 21658161	10	44	30
6749	pmid: 21656921	4	24	11
1057	pmid: 21655272	2	15	10
1057	pmid: 21655265	3	24	12
57498	pmid: 21655131	7	21	20
57498	pmid: 21655131	9	38	14
5978	pmid: 21655131	9	38	31
1057	pmid: 21653695	10	15	13
1057	pmid: 21652707	5	23	19
1057	pmid: 21652707	7	29	28
2282	pmid: 21652707	8	12	7
2283	pmid: 21652707	8	12	7
2284	pmid: 21652707	8	12	7
2285	pmid: 21652707	8	12	7
2282	pmid: 21652707	9	15	3
2283	pmid: 21652707	9	15	3
2284	pmid: 21652707	9	15	3
2285	pmid: 21652707	9	15	3
1057	pmid: 21652707	10	23	16
1057	pmid: 21652707	11	25	13
2282	pmid: 21652707	11	25	11
2283	pmid: 21652707	11	25	11
2284	pmid: 21652707	11	25	11
2285	pmid: 21652707	11	25	11
1057	pmid: 21652707	12	32	5
2282	pmid: 21652707	12	32	12
2283	pmid: 21652707	12	32	12
2284	pmid: 21652707	12	32	12
2285	pmid: 21652707	12	32	12
4280	pmid: 21651967	8	24	14
968	pmid: 21651967	10	14	6
1057	pmid: 21651967	10	14	2
1057	pmid: 21651332	6	33	32
1057	pmid: 21651331	6	26	15
1057	pmid: 21651331	7	25	16
55364	pmid: 21651330	4	45	38
55364	pmid: 21651330	7	35	26
1057	pmid: 21649894	7	20	11
1057	pmid: 21647015	9	25	13
1980	pmid: 21646303	10	33	11
2010	pmid: 21646303	10	33	13
