1057
4280
9215
3845
1956
6774
55364
100129528
3897
94025
56667
57016
7852
7157
596
5743
2009
1111
8091
5728
4773
4089
388112
23705
2305
2010
2005
2003
2001
1999
1995
1934
100133941
8382
7033
6755
6749
54822
4838
4436
331
2956
208
136541
960
887
8754
864
675
5727
5687
53826
5154
51147
5045
4072
374
3159
2735
2475
2006
2004
2000
142
122953
112744
9965
9592
947
8893
8678
80321
80315
80303
79728
7409
7171
673
6678
6662
6643
6597
6507
64766
6387
6352
6271
6185
5899
5898
5879
5629
51561
5156
4586
4486
4316
4292
4193
387
3727
3725
3718
3691
347527
3314
3066
3065
2778
2736
2572
246778
2354
2353
23213
2195
1998
1994
1993
1991
1975
1800
1788
1786
1523
1490
1277
1241
11315
11183
1105
1080
10752
10535
1048
1031
1029
1027
10148
10131
