7431
7173
5548
4709
7126
6862
8239
6532
6531
65018
6043
3483
6647
55737
140683
5723
5623
64663
8011
161882
2629
5047
5506
1431
23400
51761
11315
2175
2011
8934
10059
6678
9446
2996
10899
4810
641
283
6622
683
64146
5201
5071
4137
11311
3009
6013
26765
6044
54187
6302
28503
1825
129521
1881
6311
80331
83636
5833
2069
51667
5933
3356
1378
8301
10438
1981
3646
2710
6688
27090
948
5444
11076
9514
54897
4217
1761
3122
2932
5072
6869
7003
1312
4286
8877
142
4780
7040
207
84894
28905
728695
2861
1769
3163
5695
4902
27429
3181
755
170589
23545
56142
3185
54910
5743
8288
9027
23435
10603
3818
9496
2523
2282
2283
2284
2285
