GeneName	PMID	Line index	The # of total tokens in sentence	Token Location in sentence
2006	pmid: 23242012	7	22	2
2010	pmid: 23242012	7	22	4
1057	pmid: 21052675	5	26	23
3684	pmid: 22872097	5	24	9
1057	pmid: 22872097	8	31	23
1057	pmid: 22872097	13	26	14
55364	pmid: 21958918	3	27	5
1319	pmid: 21958918	6	25	16
2011	pmid: 21958918	11	8	3
2012	pmid: 23134495	6	6	2
4280	pmid: 22116823	2	11	8
1057	pmid: 22116823	4	27	8
4280	pmid: 22116823	9	16	8
4280	pmid: 22116823	11	36	8
9215	pmid: 22116823	12	17	10
2012	pmid: 22334391	13	6	3
3575	pmid: 21161391	2	11	4
3575	pmid: 21161391	11	42	6
3575	pmid: 21161391	12	16	8
2011	pmid: 22006815	12	6	3
325	pmid: 23740953	6	44	38
325	pmid: 23740953	7	10	8
325	pmid: 23740953	8	36	14
4280	pmid: 23740953	8	36	16
6367	pmid: 23740953	8	36	30
325	pmid: 23740953	12	33	20
1057	pmid: 22396755	4	22	8
1057	pmid: 22396755	7	39	28
1057	pmid: 22396755	13	24	6
55364	pmid: 22110978	5	24	11
79071	pmid: 22188035	5	50	6
2178	pmid: 22188035	5	50	6
2011	pmid: 22188035	8	6	2
1934	pmid: 21918983	2	14	6
1934	pmid: 21918983	3	21	13
4280	pmid: 21918983	11	19	13
2011	pmid: 21918983	14	5	3
55364	pmid: 22079561	3	62	49
1057	pmid: 22079561	6	23	10
1319	pmid: 22079561	7	34	28
6749	pmid: 22079561	10	22	18
2011	pmid: 22079561	13	5	3
2011	pmid: 21964471	12	4	3
2012	pmid: 23255412	7	5	3
2012	pmid: 22572012	9	7	3
55364	pmid: 21862036	3	13	10
2011	pmid: 21862036	14	5	3
1057	pmid: 22330938	5	56	46
2012	pmid: 22330938	9	9	3
55364	pmid: 21649611	5	27	4
2011	pmid: 21649611	14	7	2
2011	pmid: 21757039	14	5	3
2012	pmid: 22497991	16	5	3
1057	pmid: 22001684	4	34	31
2011	pmid: 22001684	6	5	3
1057	pmid: 22640902	10	9	2
2012	pmid: 22640902	14	5	3
2012	pmid: 22925418	11	5	3
5743	pmid: 21699540	4	21	16
5743	pmid: 21699540	5	12	7
5743	pmid: 21699540	6	21	15
5743	pmid: 21699540	8	29	8
2011	pmid: 21699540	12	9	5
1319	pmid: 22119175	5	37	29
10922	pmid: 22119175	11	51	32
2011	pmid: 22119175	15	8	3
3558	pmid: 22231830	3	31	4
3558	pmid: 22231830	4	41	33
3558	pmid: 22231830	8	50	27
1057	pmid: 22933081	6	40	29
1057	pmid: 22933080	4	14	8
1057	pmid: 22933080	5	27	23
4280	pmid: 22933080	10	12	10
55364	pmid: 22815277	8	22	16
55364	pmid: 22815277	11	33	13
2012	pmid: 22815277	13	8	3
4280	pmid: 22269426	5	25	10
1057	pmid: 22269426	6	14	8
3579	pmid: 22269426	8	37	12
4280	pmid: 22269426	8	37	17
2919	pmid: 22269426	9	21	20
2919	pmid: 22269426	12	33	4
1057	pmid: 23132327	6	37	31
2012	pmid: 22987758	9	6	3
55364	pmid: 23355896	3	37	31
2010	pmid: 23355896	4	30	29
4280	pmid: 23890777	2	11	7
1057	pmid: 23890777	3	12	9
3558	pmid: 23890777	5	32	29
3558	pmid: 23890777	6	23	4
3558	pmid: 23890777	7	12	3
3558	pmid: 23890777	8	17	12
4280	pmid: 23890777	8	17	6
10922	pmid: 23260322	6	33	19
2012	pmid: 23260322	14	5	3
1057	pmid: 23160197	2	10	2
4280	pmid: 23300649	6	32	18
4280	pmid: 23300649	7	29	10
1319	pmid: 23300649	9	25	2
1319	pmid: 23300649	10	29	15
9215	pmid: 24028994	4	24	4
1057	pmid: 22649194	3	21	4
4280	pmid: 22649194	6	16	5
4280	pmid: 22649194	7	18	12
9618	pmid: 22649194	8	27	20
7189	pmid: 22649194	8	27	22
9618	pmid: 22649194	9	26	16
2011	pmid: 21972082	12	6	3
1965	pmid: 23758972	5	27	9
7415	pmid: 21892620	12	21	9
7415	pmid: 21892620	13	28	14
7415	pmid: 21892620	14	17	13
8161	pmid: 22796988	4	17	7
2012	pmid: 22796988	9	5	3
9215	pmid: 21949917	5	11	5
4280	pmid: 22637476	4	34	22
4280	pmid: 22637476	5	31	11
4280	pmid: 22637476	8	29	13
2010	pmid: 23793699	5	9	4
3505	pmid: 23793699	11	8	4
3558	pmid: 21911588	5	33	2
3574	pmid: 21911588	5	33	10
1057	pmid: 22106296	2	12	4
8743	pmid: 22106296	4	31	4
1057	pmid: 23624600	2	20	13
1057	pmid: 23624600	5	30	29
2384	pmid: 22581754	4	40	14
9215	pmid: 22581754	6	44	9
2012	pmid: 22581754	12	6	3
1057	pmid: 22421587	7	37	12
2012	pmid: 22816507	14	11	10
4280	pmid: 22271152	6	42	27
4314	pmid: 22271152	6	42	40
4280	pmid: 22271152	7	19	16
4280	pmid: 22271152	8	44	17
1013	pmid: 22289117	6	20	7
2012	pmid: 22289117	16	11	10
55364	pmid: 22486199	2	13	2
1934	pmid: 22486199	2	13	5
55364	pmid: 22486199	4	25	5
1934	pmid: 22486199	4	25	8
55364	pmid: 22486199	5	22	7
2012	pmid: 22486199	9	5	2
55364	pmid: 22615252	6	19	4
4280	pmid: 22615252	7	21	13
4280	pmid: 22615252	8	25	19
4280	pmid: 22615252	9	21	4
4280	pmid: 22615252	10	17	5
4280	pmid: 22615252	11	24	8
50943	pmid: 22426759	11	26	16
50943	pmid: 22426759	12	26	15
50943	pmid: 22426759	14	26	25
1057	pmid: 22290118	7	74	47
4280	pmid: 21723939	2	14	9
4280	pmid: 21723939	6	27	23
1057	pmid: 21723939	11	18	7
1319	pmid: 21723939	12	29	20
4280	pmid: 21723939	12	29	3
4280	pmid: 21723939	14	30	8
2011	pmid: 21723939	15	5	3
55364	pmid: 23766909	3	35	26
55364	pmid: 23766909	5	26	11
57498	pmid: 23766909	7	11	2
2001	pmid: 23766908	7	16	14
55364	pmid: 23766908	13	36	30
1057	pmid: 22022398	7	17	14
2011	pmid: 22209319	6	10	3
2012	pmid: 23062430	11	5	3
4760	pmid: 24032283	5	20	16
84823	pmid: 24032283	8	19	13
3915	pmid: 24032283	8	19	13
2047	pmid: 21163551	7	45	35
2012	pmid: 21163551	10	5	3
79071	pmid: 22456565	5	35	21
2178	pmid: 22456565	5	35	21
1057	pmid: 22677679	2	15	5
1057	pmid: 22677679	3	55	11
7132	pmid: 22677673	4	16	8
958	pmid: 22677673	4	16	10
2005	pmid: 22677672	4	37	22
2010	pmid: 22677672	7	17	15
1057	pmid: 22276094	4	34	13
55364	pmid: 22276094	10	22	17
1057	pmid: 22677676	11	18	3
2012	pmid: 22538555	11	7	3
1057	pmid: 22119415	11	37	12
2011	pmid: 22119415	14	5	3
9215	pmid: 22831917	9	33	32
1057	pmid: 22831917	18	15	3
2012	pmid: 22831917	20	7	3
1057	pmid: 22312112	2	10	5
1057	pmid: 22312112	4	21	11
1057	pmid: 22312112	5	20	12
9215	pmid: 22312112	5	20	7
9215	pmid: 22312112	7	24	7
1057	pmid: 22312112	9	24	10
9215	pmid: 22312112	11	27	16
1057	pmid: 23269030	10	29	26
1319	pmid: 23269030	12	16	15
1057	pmid: 22039549	5	16	8
3558	pmid: 22039549	8	24	19
3575	pmid: 22039549	10	21	19
30009	pmid: 22039549	11	8	4
3558	pmid: 22039549	12	25	18
1057	pmid: 22761835	6	45	17
4280	pmid: 22761835	6	45	33
4280	pmid: 22761835	11	23	19
2013	pmid: 23522111	12	5	3
1057	pmid: 23345328	4	33	32
4280	pmid: 23345328	6	34	18
4280	pmid: 23345328	7	22	17
4280	pmid: 23345328	9	27	20
55364	pmid: 22237991	2	14	2
55364	pmid: 22237991	3	29	7
1057	pmid: 23358715	3	21	7
2011	pmid: 21668415	16	7	2
1057	pmid: 22960185	4	44	15
4280	pmid: 22960185	4	44	21
1057	pmid: 22960185	5	25	19
4280	pmid: 22960185	6	18	11
4280	pmid: 22960185	8	32	24
2012	pmid: 22960185	10	5	3
1057	pmid: 21517718	4	25	5
325	pmid: 21517718	5	47	39
1057	pmid: 21517718	7	25	17
4280	pmid: 22209286	3	21	16
4280	pmid: 22209286	4	18	16
9575	pmid: 22209286	5	19	3
4280	pmid: 22209286	5	19	11
8864	pmid: 22209286	5	19	17
2011	pmid: 22209286	8	5	3
19	pmid: 23351586	2	14	6
19	pmid: 23351586	6	39	20
2013	pmid: 23351586	7	6	3
4280	pmid: 22411609	6	28	4
4280	pmid: 22411609	7	25	12
1057	pmid: 22411609	8	21	5
1057	pmid: 22411609	9	24	23
1057	pmid: 22411609	11	17	2
4280	pmid: 22411609	12	16	8
2012	pmid: 22411609	14	6	3
2011	pmid: 21880375	10	5	3
4280	pmid: 22813067	6	24	17
1934	pmid: 22813067	17	30	14
1319	pmid: 22575526	5	43	22
4280	pmid: 22575526	5	43	29
4280	pmid: 22575526	6	40	36
2012	pmid: 22575526	8	5	3
6364	pmid: 23518706	8	18	12
10563	pmid: 23518706	9	20	9
1057	pmid: 23570561	3	24	12
4542	pmid: 23570561	3	24	21
1760	pmid: 23570561	8	15	12
2011	pmid: 22056978	10	5	3
121278	pmid: 22698518	5	26	18
121278	pmid: 22698518	6	33	5
4544	pmid: 22698518	7	26	3
121278	pmid: 22698518	8	26	10
4544	pmid: 22698518	8	26	12
2012	pmid: 22698518	10	5	3
1319	pmid: 23365440	3	53	46
4280	pmid: 23365440	4	17	7
4280	pmid: 23365440	7	26	17
1319	pmid: 23365440	8	82	75
1057	pmid: 22222509	6	17	4
2011	pmid: 21406249	10	9	3
79071	pmid: 22480437	8	21	6
2178	pmid: 22480437	8	21	6
55364	pmid: 22527232	5	34	18
55364	pmid: 22527232	19	20	16
4280	pmid: 22292010	2	15	8
2011	pmid: 21420982	14	5	3
2012	pmid: 23294496	15	5	3
1319	pmid: 23258662	3	56	55
1057	pmid: 23664330	2	14	3
2013	pmid: 23664330	7	5	3
10541	pmid: 23078359	4	16	15
8741	pmid: 23078359	4	16	15
2012	pmid: 23078359	16	11	10
2012	pmid: 23088946	5	5	3
2010	pmid: 22070192	10	5	2
2013	pmid: 23764350	19	5	3
4280	pmid: 22349452	5	22	11
2012	pmid: 22349452	12	5	3
4280	pmid: 23777648	2	19	10
4280	pmid: 23777648	6	35	25
4280	pmid: 23777648	7	33	31
1319	pmid: 23777648	8	29	15
1319	pmid: 23777648	9	43	26
2013	pmid: 23777648	12	5	3
2011	pmid: 21925910	6	7	3
1319	pmid: 22782458	4	38	30
10922	pmid: 23778162	6	27	17
361	pmid: 21825214	15	27	17
1934	pmid: 22402204	3	19	10
1934	pmid: 22402204	4	40	28
2012	pmid: 22402204	14	5	3
2012	pmid: 22344829	9	8	3
2011	pmid: 21352349	8	17	10
55364	pmid: 21513711	8	32	23
2012	pmid: 22354705	8	13	2
1057	pmid: 21838759	4	21	17
2011	pmid: 21838759	9	4	2
2011	pmid: 21838759	10	10	6
4280	pmid: 22138643	4	37	11
2006	pmid: 24250889	5	39	20
1059	pmid: 22659298	4	24	6
1057	pmid: 22659298	8	21	6
55364	pmid: 22659298	10	29	18
1057	pmid: 22659298	10	29	12
2012	pmid: 22659298	11	5	3
55364	pmid: 23812288	12	35	16
2013	pmid: 22425067	10	5	3
1934	pmid: 22146409	3	32	20
2005	pmid: 22146409	8	35	15
2012	pmid: 22146409	18	5	3
11316	pmid: 22414400	9	22	15
55364	pmid: 22414400	13	43	31
1036	pmid: 22362474	13	9	5
1999	pmid: 23217086	5	50	2
2004	pmid: 23217086	7	18	6
55364	pmid: 23217086	13	15	8
2012	pmid: 23217086	16	11	10
2011	pmid: 21590721	11	5	3
2011	pmid: 22177943	9	5	3
2011	pmid: 21590725	13	5	3
1057	pmid: 22052286	11	18	2
10922	pmid: 22855861	5	15	6
6749	pmid: 22855861	13	25	2
55364	pmid: 22509165	6	22	16
1057	pmid: 22504460	2	10	5
1057	pmid: 22504460	3	17	13
1057	pmid: 22504460	6	55	35
2012	pmid: 22504460	8	5	3
2012	pmid: 23193094	10	12	3
1319	pmid: 22014378	3	32	30
1319	pmid: 22014378	5	17	15
1319	pmid: 22014378	6	17	9
1319	pmid: 22014378	7	18	10
5978	pmid: 22014378	12	12	10
2011	pmid: 22014378	15	5	3
2475	pmid: 22130643	2	8	7
7248	pmid: 22130643	7	21	8
7249	pmid: 22130643	7	21	10
2475	pmid: 22130643	8	25	8
1057	pmid: 22130643	8	25	16
2475	pmid: 22130643	9	20	5
1057	pmid: 22130643	9	20	19
2475	pmid: 22130643	10	41	16
2012	pmid: 22130643	11	7	3
2012	pmid: 22473675	6	6	3
1057	pmid: 22705497	3	15	2
1996	pmid: 22705497	4	34	32
55364	pmid: 22705497	14	33	22
1057	pmid: 21367665	4	31	25
9215	pmid: 21367665	5	26	19
1057	pmid: 21367665	7	36	7
2010	pmid: 21367665	8	5	3
1319	pmid: 22379456	3	18	11
9215	pmid: 22747960	4	29	23
1057	pmid: 22747960	8	28	19
203228	pmid: 22898310	2	8	4
203228	pmid: 22898310	4	30	13
203228	pmid: 22898310	5	48	40
203228	pmid: 22898310	6	14	7
203228	pmid: 22898310	7	32	5
203228	pmid: 22898310	11	20	8
1057	pmid: 23302880	2	17	13
1057	pmid: 23302880	4	38	11
1057	pmid: 23302880	5	45	19
1057	pmid: 23302880	6	22	8
1057	pmid: 23302880	7	32	6
3123	pmid: 23302880	8	25	13
1057	pmid: 23302880	9	30	10
9215	pmid: 23302880	9	30	21
1057	pmid: 23302880	10	35	34
2475	pmid: 22647206	4	13	4
2475	pmid: 22647206	5	28	3
1057	pmid: 22647206	6	51	45
2475	pmid: 22647206	12	27	7
10922	pmid: 22733907	2	20	7
10922	pmid: 22733907	3	36	18
1319	pmid: 22733907	3	36	34
1319	pmid: 22733907	5	37	23
1319	pmid: 22733907	14	15	6
55364	pmid: 22733907	15	18	9
2827	pmid: 22216338	11	23	7
84818	pmid: 22216338	13	22	15
84818	pmid: 22216338	14	37	27
2827	pmid: 22216338	14	37	25
2011	pmid: 22216338	15	5	2
1057	pmid: 22078237	2	18	10
55364	pmid: 21976406	5	29	21
2011	pmid: 21976406	14	6	3
2013	pmid: 23319365	7	7	2
10666	pmid: 23922043	2	14	5
10666	pmid: 23922043	3	19	11
10666	pmid: 23922043	4	18	5
10666	pmid: 23922043	9	31	20
2009	pmid: 23021230	5	42	39
2011	pmid: 23021230	18	7	3
1934	pmid: 22492477	4	45	28
1057	pmid: 22492477	9	22	11
1057	pmid: 22322424	2	12	8
1057	pmid: 22322424	4	25	24
1057	pmid: 22322424	8	28	14
7164	pmid: 23557239	5	29	4
7164	pmid: 23557239	6	42	23
7164	pmid: 23557239	8	31	4
361	pmid: 23746426	3	31	25
361	pmid: 23746426	5	27	8
2013	pmid: 23746426	8	5	3
55364	pmid: 23391123	6	27	15
55364	pmid: 23391123	8	37	8
9215	pmid: 23391123	9	41	15
1057	pmid: 22306614	2	7	3
1319	pmid: 22306614	4	52	16
9215	pmid: 22306614	4	52	29
1057	pmid: 22306614	5	39	18
1319	pmid: 22306614	5	39	10
1057	pmid: 22306614	7	22	4
1057	pmid: 22306614	8	28	23
1057	pmid: 22306614	9	38	16
2012	pmid: 22306614	11	6	3
51311	pmid: 23516559	2	19	4
1319	pmid: 23516559	5	23	20
4615	pmid: 23516559	7	13	7
51311	pmid: 23516559	7	13	4
51311	pmid: 23516559	8	35	25
51311	pmid: 23516559	9	26	25
51311	pmid: 23516559	10	19	16
51311	pmid: 23516559	11	23	17
51311	pmid: 23516559	12	22	8
51311	pmid: 23516559	13	20	10
4280	pmid: 22248039	4	31	3
4280	pmid: 22248039	7	31	11
1057	pmid: 22248039	9	16	4
4280	pmid: 22248039	12	27	20
4280	pmid: 22248039	13	16	6
4280	pmid: 22248039	14	21	11
6772	pmid: 22248039	17	13	9
1319	pmid: 23735284	8	40	25
2013	pmid: 23735284	9	5	3
2013	pmid: 23735283	7	5	3
2013	pmid: 23608690	7	5	3
2013	pmid: 23608694	5	5	3
2012	pmid: 23357161	10	6	3
1319	pmid: 22441536	4	15	14
1319	pmid: 22441536	9	23	20
2012	pmid: 22441536	12	7	3
1057	pmid: 23320797	2	15	10
4280	pmid: 23320797	6	30	12
1057	pmid: 23320797	8	37	10
1057	pmid: 23320797	9	31	29
1319	pmid: 22427288	7	29	17
2619	pmid: 22932001	2	17	16
9215	pmid: 22932001	5	25	12
1995	pmid: 22932001	7	33	25
2009	pmid: 22932001	7	33	27
2619	pmid: 22932001	9	22	5
5949	pmid: 22760102	6	16	2
1057	pmid: 23203924	3	21	13
3558	pmid: 23203924	5	28	22
4280	pmid: 23203924	6	23	17
10538	pmid: 23203924	9	43	4
6774	pmid: 23203924	9	43	25
10538	pmid: 23203924	12	29	17
5978	pmid: 22138253	10	43	42
2011	pmid: 22138253	14	5	3
5978	pmid: 22640499	6	41	26
2012	pmid: 22640499	12	5	3
1319	pmid: 22640498	4	23	11
2012	pmid: 22640498	12	5	3
1057	pmid: 21998709	8	21	20
1057	pmid: 21998709	15	21	15
2012	pmid: 22818791	15	4	3
1319	pmid: 23252517	3	56	21
1319	pmid: 23252517	6	41	22
2012	pmid: 23252517	10	11	10
1057	pmid: 22942431	6	41	22
1057	pmid: 22942431	7	43	34
1057	pmid: 22942431	8	52	10
2011	pmid: 21703369	7	5	3
361	pmid: 22354518	5	25	19
361	pmid: 22354518	6	26	6
361	pmid: 22354518	8	40	20
1057	pmid: 22354518	8	40	8
361	pmid: 22354518	10	27	12
1057	pmid: 22354518	10	27	9
2012	pmid: 22354518	11	6	3
1057	pmid: 22967748	4	25	19
1057	pmid: 22796503	5	12	7
1057	pmid: 22796503	7	27	23
4280	pmid: 22796503	9	29	24
2012	pmid: 22796503	12	5	3
1057	pmid: 22253220	7	19	13
2012	pmid: 22253220	14	6	3
2011	pmid: 21763137	8	5	3
1057	pmid: 22466233	4	22	21
1319	pmid: 22466233	6	16	15
361	pmid: 22466233	7	21	14
361	pmid: 22466233	11	14	7
1319	pmid: 22466233	14	28	20
2013	pmid: 23582699	7	5	3
5978	pmid: 23127247	5	49	47
1000	pmid: 23312632	8	20	13
2013	pmid: 23312632	11	5	3
4280	pmid: 22226359	5	23	14
2012	pmid: 22226359	8	5	3
1057	pmid: 23239947	4	32	25
1057	pmid: 23239947	5	29	3
1948	pmid: 22021635	5	21	8
1057	pmid: 22910063	10	24	4
1319	pmid: 22283602	7	45	24
1319	pmid: 22283602	8	23	20
2012	pmid: 22283602	10	4	2
2012	pmid: 22283602	11	8	5
9215	pmid: 23983889	9	34	14
2010	pmid: 23983889	10	40	4
1057	pmid: 23152401	4	41	26
10541	pmid: 22160375	5	30	17
8741	pmid: 22160375	5	30	17
246778	pmid: 23076801	5	29	13
941	pmid: 23076801	8	28	17
2012	pmid: 23076801	11	7	2
6749	pmid: 23997815	7	44	25
1057	pmid: 23997817	5	45	5
361	pmid: 21900637	4	29	21
361	pmid: 21900637	5	31	4
361	pmid: 21900637	11	34	28
361	pmid: 21900637	13	46	38
5978	pmid: 22357892	9	22	15
5978	pmid: 22357892	12	56	47
9215	pmid: 22277501	3	24	17
6762	pmid: 22357894	9	66	5
6762	pmid: 22357894	10	9	6
1057	pmid: 22358068	2	13	5
1057	pmid: 22358068	3	27	16
9215	pmid: 22358068	8	35	10
2012	pmid: 23059536	8	5	3
1057	pmid: 22699912	8	18	14
4280	pmid: 22699912	8	18	6
1057	pmid: 21992960	2	13	3
1057	pmid: 21992960	4	15	5
1057	pmid: 21992960	6	21	13
1057	pmid: 21992960	7	16	7
1057	pmid: 21992960	8	28	14
2011	pmid: 21992960	9	5	3
1057	pmid: 22763625	6	36	15
2670	pmid: 22763625	10	27	2
2670	pmid: 22763625	12	16	5
51561	pmid: 23177721	6	21	12
2012	pmid: 23177721	9	5	3
1319	pmid: 21996274	2	18	16
1057	pmid: 21996274	5	33	13
1319	pmid: 21996274	5	33	29
1319	pmid: 21996274	7	41	27
1057	pmid: 21996274	10	27	20
2011	pmid: 21996274	11	5	3
1319	pmid: 21996270	7	18	7
1319	pmid: 21996270	12	28	7
2011	pmid: 21996270	16	5	3
10541	pmid: 21845450	3	20	2
2011	pmid: 21845450	3	20	3
8741	pmid: 21845450	3	20	2
2012	pmid: 23257936	11	7	3
1057	pmid: 22292076	10	57	19
1319	pmid: 23941788	3	47	32
55364	pmid: 23941788	6	21	2
1319	pmid: 23941788	12	19	13
2012	pmid: 23026221	10	5	3
1057	pmid: 23026222	7	46	13
1057	pmid: 23026222	8	32	11
1057	pmid: 23026222	9	39	18
4280	pmid: 23026222	10	35	19
2012	pmid: 23026222	11	5	3
1319	pmid: 22179784	2	19	6
1319	pmid: 22179784	3	26	13
1319	pmid: 22179784	9	32	21
1319	pmid: 22179784	10	38	25
1319	pmid: 22179784	11	56	36
1319	pmid: 22179784	12	34	8
55364	pmid: 22200387	2	14	5
55364	pmid: 22200387	3	24	4
2012	pmid: 22200387	16	8	3
706	pmid: 22776451	7	30	28
1934	pmid: 22776451	12	27	10
706	pmid: 22776451	17	23	16
2012	pmid: 22776451	20	5	3
203228	pmid: 23413259	3	18	4
9215	pmid: 23413259	3	18	9
203228	pmid: 23413259	4	28	27
203228	pmid: 23413259	5	42	5
1446	pmid: 23413259	5	42	9
203228	pmid: 23413259	6	26	8
1446	pmid: 23413259	6	26	3
203228	pmid: 23413259	7	59	44
203228	pmid: 23413259	8	19	12
2011	pmid: 21447022	12	9	3
1319	pmid: 21447024	2	14	6
1319	pmid: 21447024	3	32	13
1319	pmid: 21447024	4	35	8
1319	pmid: 21447024	5	16	11
1319	pmid: 21447024	6	36	10
1319	pmid: 21447024	8	22	2
1319	pmid: 21447024	10	14	3
1319	pmid: 21447024	11	21	9
1319	pmid: 21447024	12	32	10
1319	pmid: 21447024	13	51	42
1319	pmid: 21447024	14	22	6
2011	pmid: 21447024	15	9	3
1057	pmid: 22491253	2	16	6
64218	pmid: 22491253	2	16	3
1057	pmid: 22491253	4	23	15
1057	pmid: 22491253	6	21	20
1057	pmid: 22491253	7	34	7
64218	pmid: 22491253	8	16	7
64218	pmid: 22491253	9	20	4
1057	pmid: 22491253	10	24	13
64218	pmid: 22491253	10	24	20
64218	pmid: 22491253	11	16	5
64218	pmid: 22491253	12	18	7
55364	pmid: 24109185	5	25	4
4280	pmid: 23752202	7	22	16
1319	pmid: 22050733	11	18	7
1319	pmid: 22050733	13	25	21
1319	pmid: 22050733	14	21	10
1319	pmid: 22050733	15	21	10
2011	pmid: 22050733	16	20	12
2012	pmid: 22987755	7	6	3
55364	pmid: 22117117	3	14	2
1057	pmid: 22963651	2	19	14
1057	pmid: 22963651	9	28	27
4280	pmid: 22963651	9	28	5
2011	pmid: 22361347	6	6	3
4280	pmid: 23656992	9	13	2
1057	pmid: 23656992	10	26	17
1319	pmid: 23656992	10	26	11
7249	pmid: 23580196	2	10	4
7248	pmid: 23580196	3	17	14
7249	pmid: 23580196	3	17	16
7248	pmid: 23580196	5	25	4
7249	pmid: 23580196	5	25	6
2475	pmid: 23580196	6	12	7
7249	pmid: 23580196	8	24	18
7249	pmid: 23580196	9	18	2
7248	pmid: 23580196	16	40	30
7249	pmid: 23580196	16	40	32
2011	pmid: 22284561	6	4	3
2012	pmid: 22696123	9	6	3
4280	pmid: 22836148	5	23	13
4280	pmid: 22836148	12	27	18
2012	pmid: 22836148	15	5	3
2001	pmid: 23301877	5	24	11
2010	pmid: 23301877	5	24	15
2003	pmid: 23301877	6	19	11
2003	pmid: 23301877	17	46	26
1057	pmid: 22155618	4	29	21
4280	pmid: 22155618	4	29	6
4280	pmid: 22155618	6	16	3
4280	pmid: 22155618	10	22	2
4280	pmid: 22155618	12	28	7
4280	pmid: 22155618	13	19	13
4280	pmid: 22155618	15	35	3
2011	pmid: 22155618	16	5	3
506	pmid: 22261716	2	16	6
506	pmid: 22261716	4	31	18
4280	pmid: 22261716	4	31	23
506	pmid: 22261716	5	39	20
4280	pmid: 22261716	5	39	25
55364	pmid: 22012025	8	37	33
4838	pmid: 22566594	7	27	24
1057	pmid: 22397318	6	38	15
28567	pmid: 21927869	6	32	10
1057	pmid: 22108845	10	35	16
2011	pmid: 22108845	11	6	3
6285	pmid: 21958956	8	28	26
2011	pmid: 21958956	15	5	3
2011	pmid: 22257426	13	6	3
4280	pmid: 23540404	3	24	19
4280	pmid: 23540404	4	16	8
4280	pmid: 23540404	5	19	17
2011	pmid: 22072381	12	6	3
3676	pmid: 22050952	7	19	7
3676	pmid: 22050952	8	34	14
3676	pmid: 22050952	9	28	8
3676	pmid: 22050952	10	21	13
3676	pmid: 22050952	13	11	10
3676	pmid: 22050952	14	18	13
3676	pmid: 22050952	15	17	6
3676	pmid: 22050952	16	21	3
2011	pmid: 22050952	17	5	3
361	pmid: 22551731	12	27	19
1319	pmid: 22829325	3	23	8
9215	pmid: 23223533	3	29	5
1319	pmid: 23223533	8	16	15
4029	pmid: 22388887	7	44	39
55364	pmid: 22475104	3	28	12
2012	pmid: 23246200	12	5	3
10752	pmid: 23807832	13	13	9
1057	pmid: 23061676	4	22	13
79885	pmid: 23061676	10	20	9
203228	pmid: 23415570	7	22	3
2013	pmid: 23415570	9	5	3
2011	pmid: 21992208	8	5	2
55364	pmid: 23475517	5	42	23
9215	pmid: 23475517	5	42	22
57473	pmid: 23475517	10	14	7
9215	pmid: 23475517	13	28	18
2012	pmid: 22377454	13	5	3
6749	pmid: 23439547	4	31	4
1934	pmid: 21920559	4	36	24
2011	pmid: 21920559	16	5	3
55364	pmid: 21781056	10	18	11
2011	pmid: 21781056	11	7	2
54795	pmid: 23796873	3	22	11
54795	pmid: 23796873	4	31	15
54795	pmid: 23796873	6	17	9
2013	pmid: 23796873	7	5	3
1057	pmid: 21875613	5	67	54
2011	pmid: 21875613	7	5	3
1057	pmid: 21310238	9	36	28
2011	pmid: 21310238	11	5	3
2012	pmid: 22741530	15	11	10
51284	pmid: 22619481	2	12	11
1057	pmid: 22619481	3	24	10
51284	pmid: 22619481	4	41	20
51284	pmid: 22619481	6	24	12
4280	pmid: 22619481	7	24	23
361	pmid: 22069320	4	27	17
361	pmid: 22069320	5	20	9
1057	pmid: 22069320	5	20	12
1057	pmid: 22069320	6	19	10
361	pmid: 22069320	7	9	3
6506	pmid: 22069320	8	24	10
361	pmid: 22069320	9	24	11
361	pmid: 22069320	10	27	17
6506	pmid: 22069320	10	27	10
2691	pmid: 21846799	5	36	32
4280	pmid: 21846799	7	15	2
2691	pmid: 21846799	8	26	22
4280	pmid: 21846799	8	26	2
1319	pmid: 21846799	9	20	18
4280	pmid: 21846799	10	13	2
4280	pmid: 21846799	11	20	10
1057	pmid: 23516103	4	26	13
4280	pmid: 22898371	3	20	4
4280	pmid: 22898371	5	24	13
3558	pmid: 22898371	8	29	26
2012	pmid: 22898371	11	5	3
4615	pmid: 23269203	2	18	5
4615	pmid: 23269203	7	18	6
4615	pmid: 23269203	8	21	7
2012	pmid: 23269203	11	5	3
2011	pmid: 22098646	7	11	3
1319	pmid: 22443542	9	22	16
1057	pmid: 22443542	11	33	32
100507436	pmid: 22184268	5	18	10
4277	pmid: 22184268	5	18	12
100507436	pmid: 22184268	6	27	6
4277	pmid: 22184268	6	27	8
4277	pmid: 22184268	7	24	17
4277	pmid: 22184268	8	38	30
2011	pmid: 22680341	23	4	2
2011	pmid: 22680341	24	11	7
5550	pmid: 22344579	2	17	2
83985	pmid: 22344579	4	38	11
83985	pmid: 22344579	5	45	35
5550	pmid: 22344579	5	45	15
83985	pmid: 22344579	7	30	4
83985	pmid: 22344579	8	18	16
2011	pmid: 22344579	9	6	3
2012	pmid: 22407571	14	6	3
55364	pmid: 22538071	4	14	11
4280	pmid: 22056384	5	16	6
9856	pmid: 22056384	7	35	9
1746	pmid: 22056384	7	35	9
10215	pmid: 22056384	7	35	7
2013	pmid: 23466062	7	5	3
9215	pmid: 22468304	8	15	9
1319	pmid: 22980027	7	33	26
2012	pmid: 22980027	11	5	3
1964	pmid: 22231873	5	9	7
2013	pmid: 23920002	13	8	3
4280	pmid: 22591945	4	28	24
4280	pmid: 22591945	5	33	7
2012	pmid: 22591945	7	5	3
4280	pmid: 23457343	5	56	44
4280	pmid: 23457343	6	33	28
960	pmid: 23365098	13	15	11
4280	pmid: 23365095	10	18	13
2012	pmid: 23051633	8	5	3
2011	pmid: 21839580	19	5	3
2011	pmid: 22336858	6	58	18
1319	pmid: 22503020	4	48	33
2012	pmid: 22503020	16	10	3
1991	pmid: 22641303	5	46	44
1980	pmid: 22641303	5	46	30
9215	pmid: 22641303	5	46	17
1057	pmid: 21762372	5	44	30
7122	pmid: 21762372	8	22	14
83700	pmid: 21762372	8	22	12
7122	pmid: 21762372	9	16	5
2011	pmid: 21762372	12	20	12
9215	pmid: 22013975	3	30	28
2011	pmid: 22264993	7	5	3
1057	pmid: 22734127	4	46	5
1057	pmid: 22734127	8	31	10
1057	pmid: 22734127	10	29	16
1057	pmid: 22792325	2	15	11
4162	pmid: 22792325	2	15	7
4162	pmid: 22792325	5	43	4
4162	pmid: 22792325	6	27	5
4280	pmid: 22792325	8	25	8
1057	pmid: 22792325	9	24	18
1057	pmid: 22792325	10	22	9
1057	pmid: 22792325	11	19	13
4162	pmid: 22792325	11	19	5
60468	pmid: 23728300	5	32	11
60468	pmid: 23728300	6	28	18
60468	pmid: 23728300	7	38	14
4280	pmid: 23728300	7	38	4
1057	pmid: 23728300	9	18	17
60468	pmid: 23728300	11	14	3
1057	pmid: 23728300	11	14	13
60468	pmid: 23728300	12	24	4
1057	pmid: 22907116	7	33	7
1057	pmid: 22907116	10	29	12
55364	pmid: 22204770	5	19	15
10922	pmid: 22902473	8	28	3
2013	pmid: 22902473	10	5	3
1057	pmid: 21791428	7	26	14
1319	pmid: 23192778	2	12	3
1319	pmid: 23192778	3	59	37
9215	pmid: 23192778	3	59	23
1319	pmid: 23192778	5	28	9
1319	pmid: 23192778	6	26	24
1319	pmid: 23192778	7	25	15
1319	pmid: 23192778	8	21	9
1319	pmid: 23192778	10	20	19
1319	pmid: 23192778	11	26	6
1319	pmid: 23192778	12	14	13
1319	pmid: 23192778	13	32	12
50943	pmid: 22193377	2	12	3
50943	pmid: 22193377	4	49	31
50943	pmid: 22193377	8	13	7
50943	pmid: 22193377	9	23	13
50943	pmid: 22193377	11	14	11
160622	pmid: 22623407	12	28	17
4280	pmid: 22654783	4	30	18
4280	pmid: 22654783	9	23	19
10922	pmid: 23169153	10	17	15
2012	pmid: 23169153	14	6	3
2009	pmid: 23374378	7	21	18
7453	pmid: 23097433	3	41	8
1319	pmid: 22868887	2	15	8
2009	pmid: 22868887	9	21	9
1319	pmid: 22868887	10	25	14
2013	pmid: 23430685	4	23	10
3987	pmid: 22672953	5	53	29
57498	pmid: 23235682	21	34	32
4280	pmid: 22683122	4	17	7
2012	pmid: 22683122	11	5	3
3123	pmid: 23837503	2	19	5
3123	pmid: 23837503	3	41	5
3123	pmid: 23837503	4	28	14
3123	pmid: 23837503	6	10	2
9215	pmid: 22118860	4	17	2
112744	pmid: 22118860	6	31	24
2011	pmid: 22118860	9	5	3
2011	pmid: 22341909	8	5	3
1057	pmid: 24179740	9	27	19
2011	pmid: 21963295	8	5	3
1934	pmid: 21988668	3	26	10
55364	pmid: 21988668	14	64	48
1057	pmid: 23637027	2	13	4
1057	pmid: 23637027	4	45	9
6774	pmid: 22652781	6	20	18
6774	pmid: 22652781	7	33	4
1057	pmid: 22554400	4	36	32
1057	pmid: 22554400	7	36	28
1057	pmid: 22554400	9	45	41
2012	pmid: 22554400	13	5	3
1934	pmid: 23377559	2	9	8
1934	pmid: 23377559	4	19	15
2004	pmid: 23377559	5	22	9
2010	pmid: 23377559	5	22	11
1934	pmid: 23377559	8	24	6
1934	pmid: 23377559	14	17	2
1057	pmid: 23819946	4	28	4
1057	pmid: 23819946	10	26	15
1057	pmid: 23819946	12	22	14
9103	pmid: 23819946	13	24	11
1057	pmid: 23819946	13	24	6
2212	pmid: 23819946	13	24	11
2213	pmid: 23819946	13	24	11
55364	pmid: 21880336	11	41	11
2011	pmid: 21880336	12	5	3
361	pmid: 22950068	4	39	22
361	pmid: 22950068	11	34	4
361	pmid: 22950068	12	32	3
5978	pmid: 23153337	4	59	40
1057	pmid: 23517930	3	48	45
1934	pmid: 23517930	3	48	33
1057	pmid: 23517930	4	35	8
2013	pmid: 23517930	5	5	3
2006	pmid: 22434614	6	31	16
2009	pmid: 22434614	6	31	19
1319	pmid: 22434614	9	56	52
2012	pmid: 22434614	15	6	2
2012	pmid: 22520586	11	5	3
2011	pmid: 21840409	11	5	3
4666	pmid: 23472882	8	29	13
4666	pmid: 23472882	9	12	3
4666	pmid: 23472882	10	29	9
4666	pmid: 23472882	11	28	4
4666	pmid: 23472882	14	18	15
2003	pmid: 23020533	3	51	49
4080	pmid: 22412845	8	22	21
55364	pmid: 22939550	3	34	7
2004	pmid: 22939550	4	30	8
2010	pmid: 22939550	4	30	11
55364	pmid: 22939550	14	18	6
2012	pmid: 22939550	17	5	3
2006	pmid: 23240282	7	13	8
2011	pmid: 23240282	7	13	11
1025	pmid: 21865212	8	5	4
6917	pmid: 21865212	8	5	2
1319	pmid: 23115653	3	22	21
387	pmid: 23115653	9	17	16
387	pmid: 23115653	10	17	7
387	pmid: 23115653	11	23	10
387	pmid: 23115653	13	17	4
1057	pmid: 23115653	14	27	9
387	pmid: 23115653	15	18	14
2011	pmid: 22133733	14	7	3
1057	pmid: 22319549	6	16	15
1057	pmid: 22319549	7	30	10
55364	pmid: 23385699	3	34	13
1057	pmid: 22203815	4	35	14
1057	pmid: 22203815	7	14	8
1057	pmid: 22203815	8	12	2
1057	pmid: 22203815	11	39	24
1057	pmid: 22203815	12	22	20
361	pmid: 23673145	2	8	3
361	pmid: 23673145	4	21	15
2013	pmid: 23673145	12	5	3
2011	pmid: 22211513	17	7	2
2012	pmid: 22349416	13	6	3
1800	pmid: 23287362	4	24	7
10541	pmid: 23287362	4	24	5
2005	pmid: 23287362	4	24	3
8741	pmid: 23287362	4	24	5
1057	pmid: 23390485	7	31	30
1057	pmid: 23270679	4	13	8
2475	pmid: 23270679	6	19	18
7249	pmid: 23270679	6	19	10
2475	pmid: 23270679	10	14	7
2012	pmid: 23270679	11	9	3
55364	pmid: 22764258	6	16	14
6749	pmid: 22368774	4	29	3
6749	pmid: 22368774	7	18	10
55364	pmid: 21924866	5	28	20
2001	pmid: 21973313	5	41	15
2026	pmid: 21973313	8	22	2
57498	pmid: 21973313	9	20	14
2011	pmid: 21973313	15	4	2
2011	pmid: 21973313	16	7	6
4280	pmid: 23160238	6	33	27
54795	pmid: 23160238	7	33	6
1057	pmid: 23160238	9	14	10
54795	pmid: 23160238	10	12	4
1319	pmid: 22083799	2	11	10
1319	pmid: 22083799	5	15	14
1319	pmid: 22083799	8	21	13
1319	pmid: 22083799	9	39	38
1319	pmid: 22354742	2	14	6
1319	pmid: 22354742	3	16	11
1319	pmid: 22354742	4	23	13
1319	pmid: 22354742	5	24	22
1319	pmid: 22354742	10	31	6
7193	pmid: 22354740	5	22	3
4299	pmid: 22354740	5	22	10
4001	pmid: 22354740	6	44	6
10752	pmid: 22873729	7	25	10
1057	pmid: 22873728	2	10	6
1319	pmid: 22873728	2	10	3
1057	pmid: 22873728	3	11	2
1057	pmid: 22873728	4	39	3
2130	pmid: 22454397	2	12	8
8148	pmid: 22454397	4	14	9
2130	pmid: 22454397	6	26	10
2130	pmid: 22454397	7	19	7
2130	pmid: 22454397	8	21	7
9215	pmid: 22454397	8	21	16
2130	pmid: 22454397	9	11	7
2130	pmid: 22454397	10	35	15
2130	pmid: 22454397	12	50	9
7813	pmid: 23669355	2	8	2
1057	pmid: 23669355	3	36	29
1057	pmid: 23669355	4	23	9
7813	pmid: 23669355	4	23	12
7171	pmid: 23669355	4	23	6
115704	pmid: 23669355	5	24	7
10890	pmid: 23669355	5	24	12
7813	pmid: 23669355	6	16	7
7813	pmid: 23669355	7	20	12
2013	pmid: 23669355	8	8	3
9215	pmid: 23516324	6	42	6
1057	pmid: 21975545	5	51	47
4280	pmid: 21975545	5	51	21
1057	pmid: 23516321	6	77	42
79071	pmid: 22041093	4	29	22
2178	pmid: 22041093	4	29	22
1319	pmid: 23437995	5	49	47
2011	pmid: 22050974	13	5	3
6749	pmid: 22316314	4	62	3
9215	pmid: 23919214	5	33	20
9215	pmid: 23919214	8	63	32
55364	pmid: 23061472	2	14	7
55364	pmid: 23061472	5	33	25
55364	pmid: 22204900	4	20	16
1820	pmid: 23136726	11	21	9
7442	pmid: 22739983	7	28	25
55364	pmid: 22967202	9	29	14
1057	pmid: 23054589	4	32	25
4280	pmid: 23054589	6	9	2
10922	pmid: 23054589	8	19	3
55364	pmid: 21878542	2	15	2
246778	pmid: 21878542	5	26	20
4280	pmid: 21878542	7	12	10
9215	pmid: 22095036	2	15	12
6774	pmid: 22095036	2	15	4
9215	pmid: 22095036	5	25	17
6774	pmid: 22095036	5	25	10
6774	pmid: 22095036	7	13	7
1980	pmid: 23838529	6	25	21
2010	pmid: 23838529	6	25	23
361	pmid: 23838529	10	19	18
361	pmid: 23838529	11	17	13
361	pmid: 23838529	16	12	3
2013	pmid: 23838529	17	5	3
2013	pmid: 23510567	11	5	3
55364	pmid: 22108867	4	33	9
1057	pmid: 21964417	7	32	26
2011	pmid: 21964417	10	5	3
1319	pmid: 22171138	2	15	8
1319	pmid: 22171138	4	30	4
1319	pmid: 22171138	5	22	2
1319	pmid: 23262373	3	25	24
2012	pmid: 23262373	12	5	3
1057	pmid: 21615590	5	24	11
1057	pmid: 21615590	8	34	31
2011	pmid: 21615590	12	12	8
1057	pmid: 23001217	4	46	24
9215	pmid: 21163708	7	42	2
2010	pmid: 21163708	11	5	3
2011	pmid: 22171574	15	7	2
10541	pmid: 22303525	5	60	38
8741	pmid: 22303525	5	60	38
2012	pmid: 22670773	7	4	2
2012	pmid: 22670773	8	10	6
2209	pmid: 23318105	2	12	5
2210	pmid: 23318105	2	12	5
100132417	pmid: 23318105	2	12	5
11335	pmid: 23318105	4	33	18
1057	pmid: 23318105	4	33	27
1057	pmid: 23318105	5	43	9
2013	pmid: 23318105	6	5	3
2012	pmid: 22921113	6	5	3
2012	pmid: 22994884	11	12	8
1934	pmid: 23650003	3	40	39
2011	pmid: 23650003	3	40	13
1057	pmid: 23057802	4	12	11
3574	pmid: 23057802	4	12	4
3574	pmid: 23057802	5	26	3
3574	pmid: 23057802	6	33	5
4280	pmid: 23057802	8	32	25
1057	pmid: 23057802	9	29	20
4280	pmid: 23057802	10	25	16
4280	pmid: 23057802	11	19	14
1057	pmid: 23057802	12	28	24
4280	pmid: 23057802	12	28	3
4280	pmid: 23057802	13	35	18
2012	pmid: 22262103	13	7	3
2005	pmid: 22328682	9	21	2
4280	pmid: 21613334	4	41	32
55364	pmid: 21613332	13	35	32
55364	pmid: 21613332	15	18	13
2013	pmid: 23746391	7	5	3
55364	pmid: 23209936	4	23	15
2010	pmid: 23209937	2	18	15
2010	pmid: 23209937	11	7	2
2010	pmid: 23209937	19	12	4
1057	pmid: 22161819	7	22	17
2012	pmid: 22161819	16	9	3
55364	pmid: 22168507	6	20	12
79071	pmid: 22168507	13	23	6
2178	pmid: 22168507	13	23	6
55364	pmid: 23984093	6	25	9
1319	pmid: 23485854	2	14	13
3123	pmid: 23485854	2	14	10
1319	pmid: 23485854	5	13	2
1319	pmid: 23485854	6	12	9
1319	pmid: 23485854	9	21	9
1319	pmid: 23485854	13	24	14
2012	pmid: 22235993	9	4	2
2012	pmid: 22235993	10	10	6
2011	pmid: 21951011	10	7	2
2011	pmid: 21951010	7	7	2
10541	pmid: 22256380	3	36	2
1000	pmid: 22256380	3	36	19
2001	pmid: 22256380	3	36	3
2011	pmid: 22256380	3	36	6
8741	pmid: 22256380	3	36	2
1057	pmid: 21838960	7	20	17
1820	pmid: 21838960	7	20	16
4684	pmid: 21838960	7	20	15
55364	pmid: 21838960	8	19	17
55364	pmid: 22336698	5	29	27
55364	pmid: 22336698	6	10	8
2012	pmid: 22336698	16	5	3
1057	pmid: 23454769	2	10	6
1057	pmid: 23454769	4	31	29
1057	pmid: 23454769	8	29	2
325	pmid: 23454769	10	29	11
2012	pmid: 23017732	9	5	3
1057	pmid: 21840619	2	13	5
10691	pmid: 21840619	2	13	9
1057	pmid: 21840619	3	28	18
1057	pmid: 21840619	7	23	11
10691	pmid: 21840619	7	23	21
1057	pmid: 21840619	8	17	16
10691	pmid: 21840619	8	17	5
1057	pmid: 21840619	10	43	36
10691	pmid: 21840619	10	43	39
2011	pmid: 21840619	12	5	3
2011	pmid: 21898674	14	6	3
55364	pmid: 23836941	13	18	6
1057	pmid: 22499213	4	11	5
4280	pmid: 22499213	6	27	21
3934	pmid: 22499213	9	24	18
1319	pmid: 22499213	10	22	11
3934	pmid: 22499213	10	22	4
3934	pmid: 22499213	11	14	2
4280	pmid: 22499213	12	17	12
3934	pmid: 22499213	13	30	8
3934	pmid: 22499213	14	22	5
2012	pmid: 22499213	15	6	3
1057	pmid: 23328079	3	28	27
1057	pmid: 23328079	9	20	8
2013	pmid: 23328079	11	5	3
1057	pmid: 22917609	3	38	29
9215	pmid: 22917609	3	38	6
1057	pmid: 22917609	5	29	20
1057	pmid: 22917609	7	22	13
2012	pmid: 22917609	11	4	3
941	pmid: 22677677	4	62	10
942	pmid: 22677677	4	62	12
7097	pmid: 22677677	4	62	19
7099	pmid: 22677677	4	62	21
361	pmid: 22100760	11	23	11
1319	pmid: 22691759	3	26	21
9215	pmid: 22465972	9	12	2
1319	pmid: 21512739	3	14	3
1319	pmid: 21512739	5	27	20
1319	pmid: 21512739	6	26	21
1319	pmid: 21512739	10	37	25
1319	pmid: 21512739	11	35	34
1319	pmid: 23208410	2	17	15
1319	pmid: 23208410	3	14	6
1319	pmid: 23208410	4	25	3
1319	pmid: 23208410	5	47	45
1319	pmid: 23208410	12	33	32
833	pmid: 24156060	5	23	7
9215	pmid: 24156060	8	34	7
2012	pmid: 22949158	16	6	3
55364	pmid: 23489746	2	16	13
2013	pmid: 23489746	8	5	3
1057	pmid: 23051967	10	30	9
1057	pmid: 22343386	2	10	9
1057	pmid: 22343386	3	25	23
1057	pmid: 22343386	7	34	33
1057	pmid: 22343386	8	28	10
57498	pmid: 22343386	9	45	35
55364	pmid: 22672939	5	39	13
2011	pmid: 22236888	15	5	3
3146	pmid: 23480183	4	13	6
3146	pmid: 23480183	5	20	10
3146	pmid: 23480183	9	17	3
2012	pmid: 23480183	12	6	2
1057	pmid: 24179729	5	21	4
4280	pmid: 22267202	6	14	11
4780	pmid: 22267202	6	14	13
1057	pmid: 22267202	8	21	12
8740	pmid: 23895517	11	20	13
9215	pmid: 22197033	3	30	19
2011	pmid: 22197033	15	5	3
1319	pmid: 21041051	2	17	14
1319	pmid: 21041051	3	39	21
10922	pmid: 21041051	4	22	19
83985	pmid: 21041051	4	22	20
1319	pmid: 21041051	6	27	24
1319	pmid: 21041051	8	35	24
4858	pmid: 21041051	8	35	32
1319	pmid: 23908710	6	14	8
1934	pmid: 23118540	3	26	19
3553	pmid: 22802629	2	13	8
3553	pmid: 22802629	7	15	4
1319	pmid: 22802629	11	32	19
9215	pmid: 23983847	4	23	9
7204	pmid: 22509268	5	34	12
3123	pmid: 22509268	10	35	19
3123	pmid: 22509268	13	21	13
9215	pmid: 22255632	3	30	2
1057	pmid: 22084176	6	36	35
5444	pmid: 23487294	3	34	17
5445	pmid: 23487294	3	34	19
5444	pmid: 23487294	7	20	6
5445	pmid: 23487294	7	20	8
3574	pmid: 23610432	2	8	4
3574	pmid: 23610432	4	16	9
3574	pmid: 23610432	5	32	19
3574	pmid: 23610432	7	29	7
3575	pmid: 23610432	8	12	9
3574	pmid: 23610432	9	27	24
3575	pmid: 23610432	9	27	19
3574	pmid: 23610432	10	27	7
1057	pmid: 23730262	4	36	35
7248	pmid: 23730262	4	36	4
7249	pmid: 23730262	4	36	6
2475	pmid: 23730262	5	21	4
2475	pmid: 23730262	6	27	5
2475	pmid: 23730262	7	26	10
2475	pmid: 23730262	8	32	6
2475	pmid: 23730262	9	32	23
1934	pmid: 23056220	2	13	6
1057	pmid: 23056220	10	31	23
4280	pmid: 23056220	14	13	5
55364	pmid: 22048931	2	22	15
55364	pmid: 22048931	3	35	12
55364	pmid: 22048931	7	16	2
1057	pmid: 22975388	2	17	2
1057	pmid: 22975388	4	27	9
4162	pmid: 22975388	5	36	5
4162	pmid: 22975388	7	49	39
4162	pmid: 22975388	8	31	4
4162	pmid: 22975388	9	25	5
2012	pmid: 23228515	11	6	3
1057	pmid: 22984406	3	33	2
4838	pmid: 22848712	5	16	11
4838	pmid: 22848712	12	12	7
4838	pmid: 22848712	13	18	3
4838	pmid: 22848712	14	28	22
1057	pmid: 22848713	5	25	6
11335	pmid: 22848713	6	28	15
4280	pmid: 22848713	6	28	9
246778	pmid: 22848713	11	17	13
2012	pmid: 22266343	12	4	3
9215	pmid: 22722621	3	28	19
203228	pmid: 22722621	4	36	10
203228	pmid: 22722621	7	16	12
6647	pmid: 22722621	7	16	15
23435	pmid: 22722621	7	16	10
203228	pmid: 22722621	10	18	11
6647	pmid: 22722621	10	18	17
23435	pmid: 22722621	11	16	15
203228	pmid: 22722621	12	14	5
6647	pmid: 22722621	12	14	9
2012	pmid: 22364929	14	5	3
2012	pmid: 22428845	11	7	2
3684	pmid: 21840425	2	14	7
3684	pmid: 21840425	6	18	11
3684	pmid: 21840425	11	31	9
3684	pmid: 21840425	12	21	2
2011	pmid: 21840425	13	5	3
1057	pmid: 23618467	2	15	9
4280	pmid: 23618467	5	45	23
1057	pmid: 23618467	10	28	6
7248	pmid: 23291812	3	31	20
9215	pmid: 23126555	4	15	9
7422	pmid: 22653056	6	27	4
4280	pmid: 22653056	8	26	10
2011	pmid: 22067621	9	7	3
3558	pmid: 23398365	11	19	12
2011	pmid: 21820640	15	6	3
10922	pmid: 22351849	10	17	7
2012	pmid: 23123001	6	20	16
2012	pmid: 23123001	15	7	3
361	pmid: 22987455	4	45	38
361	pmid: 22987455	8	26	24
361	pmid: 22987455	12	23	12
361	pmid: 22987455	13	23	22
2012	pmid: 22987455	14	6	3
1319	pmid: 23468871	3	34	26
1319	pmid: 23468871	5	24	18
1057	pmid: 23188981	11	9	8
1057	pmid: 23188981	13	36	10
1057	pmid: 23188981	15	13	8
2670	pmid: 22410258	2	6	2
6285	pmid: 22410258	4	17	13
2670	pmid: 22410258	5	22	17
6285	pmid: 22410258	5	22	19
2670	pmid: 22410258	8	9	2
6285	pmid: 22410258	8	9	4
2670	pmid: 22410258	9	44	3
6285	pmid: 22410258	9	44	6
2670	pmid: 22410258	10	15	2
2670	pmid: 22410258	11	15	7
6285	pmid: 22410258	12	13	2
2670	pmid: 22410258	13	34	8
6285	pmid: 22410258	13	34	10
2012	pmid: 22410258	14	5	3
1057	pmid: 23202976	6	25	4
2013	pmid: 23527649	15	9	5
1057	pmid: 22322149	7	31	29
2012	pmid: 22336483	17	6	3
55364	pmid: 23555057	7	18	2
2011	pmid: 22045554	13	5	3
2013	pmid: 23537888	7	5	3
57498	pmid: 23049678	5	32	20
939	pmid: 23159439	2	18	2
970	pmid: 23159439	2	18	4
1057	pmid: 23159439	4	12	7
939	pmid: 23159439	5	20	2
970	pmid: 23159439	5	20	4
1057	pmid: 23159439	5	20	10
939	pmid: 23159439	6	16	9
970	pmid: 23159439	6	16	3
55364	pmid: 23159439	7	33	5
1235	pmid: 23159439	7	33	29
1057	pmid: 23159439	7	33	11
1235	pmid: 23159439	8	25	20
3605	pmid: 23159439	9	11	10
939	pmid: 23159439	10	19	2
1057	pmid: 23159439	10	19	14
2013	pmid: 23159439	11	5	3
3574	pmid: 22914435	2	10	3
3574	pmid: 22914435	10	15	14
3574	pmid: 22914435	12	16	8
3574	pmid: 22914435	14	14	5
55364	pmid: 23202920	6	43	27
1057	pmid: 22116203	2	10	9
1057	pmid: 22116203	3	21	8
1057	pmid: 22177922	6	36	35
4280	pmid: 22177922	7	35	13
2011	pmid: 22177922	9	5	3
2012	pmid: 22289050	12	4	2
2012	pmid: 22289050	13	7	6
55364	pmid: 22516321	11	18	17
2012	pmid: 22516321	15	5	3
1996	pmid: 23316389	5	38	20
1319	pmid: 22853784	2	18	14
1319	pmid: 22853784	3	50	36
1319	pmid: 22853784	7	37	5
1057	pmid: 22317869	2	10	9
1057	pmid: 22317869	4	19	18
1057	pmid: 23065787	10	35	34
9215	pmid: 23065788	5	18	12
1057	pmid: 22577119	9	31	30
4280	pmid: 22297884	2	8	4
150280	pmid: 22737082	10	25	14
2012	pmid: 23294680	9	5	3
2011	pmid: 21883098	11	7	2
1057	pmid: 22998573	2	11	2
1057	pmid: 22998573	3	25	12
1057	pmid: 22998573	5	35	8
11335	pmid: 22812720	15	21	4
3123	pmid: 23152786	5	33	3
1057	pmid: 22563309	7	37	29
7415	pmid: 23056506	3	38	11
1057	pmid: 23056506	8	23	7
4280	pmid: 22538300	3	22	8
4280	pmid: 22538300	4	29	25
10922	pmid: 22538300	5	21	6
4280	pmid: 22538300	8	21	19
2012	pmid: 22538300	12	7	3
10563	pmid: 22036953	2	10	5
10563	pmid: 22036953	5	16	3
10563	pmid: 22036953	6	14	6
10563	pmid: 22036953	7	19	7
10563	pmid: 22036953	8	20	2
10563	pmid: 22036953	9	33	2
10563	pmid: 22036953	10	29	26
1057	pmid: 22036953	11	30	12
10563	pmid: 22036953	11	30	3
10563	pmid: 22036953	12	15	5
2011	pmid: 22036953	13	5	3
51561	pmid: 22036952	2	19	14
51561	pmid: 22036952	6	19	11
51561	pmid: 22036952	8	16	7
2011	pmid: 22036952	10	5	3
1057	pmid: 22769044	8	38	33
4280	pmid: 22769044	10	39	29
55364	pmid: 23343711	7	9	7
2013	pmid: 23343711	15	7	3
9215	pmid: 22056039	7	24	18
54474	pmid: 22056039	11	16	9
9215	pmid: 22056039	11	16	2
2012	pmid: 22056039	17	5	3
5319	pmid: 23318126	8	15	7
2012	pmid: 23318126	15	10	3
1057	pmid: 22828184	8	18	9
930	pmid: 22261118	7	40	27
930	pmid: 22261118	8	31	19
1000	pmid: 22261118	8	31	12
930	pmid: 22261118	9	31	8
1000	pmid: 22261118	9	31	28
1000	pmid: 22261118	10	34	26
930	pmid: 22261118	12	24	12
1319	pmid: 22985690	6	44	30
4280	pmid: 22985690	6	44	33
11054	pmid: 22985690	9	32	6
1057	pmid: 22985690	10	20	10
11054	pmid: 22985690	10	20	4
1057	pmid: 22985690	12	21	10
1057	pmid: 22985690	13	20	19
1057	pmid: 22985690	14	30	23
1319	pmid: 22985690	14	30	4
4280	pmid: 22985690	14	30	7
1319	pmid: 22985690	15	44	22
2012	pmid: 22985690	16	5	3
2012	pmid: 22991569	6	10	6
55364	pmid: 23438232	3	13	2
55364	pmid: 23438232	13	33	25
9215	pmid: 22144311	3	49	27
2012	pmid: 22458980	8	5	3
1057	pmid: 22458983	6	28	17
958	pmid: 22458983	6	28	10
1934	pmid: 22458983	11	33	23
1057	pmid: 22458983	14	16	10
1057	pmid: 22458983	15	18	5
2012	pmid: 22458983	19	5	3
1057	pmid: 22383236	13	28	27
1946	pmid: 23319475	3	23	21
1959	pmid: 23319475	8	15	11
55364	pmid: 23618072	6	26	19
1994	pmid: 23618072	8	25	15
9215	pmid: 23618072	17	17	14
55364	pmid: 23618072	20	16	6
2013	pmid: 23747577	13	5	3
1057	pmid: 21415774	9	13	5
1000	pmid: 21415774	11	27	18
2000	pmid: 21415774	11	27	13
54822	pmid: 23145923	4	14	6
55364	pmid: 23145923	5	37	9
54822	pmid: 23145923	5	37	15
54822	pmid: 23145923	7	14	5
54822	pmid: 23145923	8	9	7
54822	pmid: 23145923	9	18	4
54822	pmid: 23145923	11	24	16
54822	pmid: 23145923	13	13	8
54822	pmid: 23145923	14	14	3
54822	pmid: 23145923	16	35	16
2012	pmid: 23145923	17	4	2
2012	pmid: 23145923	18	10	6
1057	pmid: 23609963	3	21	15
4280	pmid: 23609963	11	29	23
4280	pmid: 22487860	4	36	20
1319	pmid: 22487860	5	41	34
4280	pmid: 22487860	5	41	21
4280	pmid: 22487860	7	26	17
1319	pmid: 22487860	9	30	29
4280	pmid: 23365232	9	25	14
4280	pmid: 23365232	11	19	8
4280	pmid: 23365232	12	11	2
1057	pmid: 22056965	12	31	22
2012	pmid: 23280834	7	6	3
1437	pmid: 23620516	5	15	7
1437	pmid: 23620516	6	40	25
1437	pmid: 23620516	8	12	4
1437	pmid: 23620516	9	19	18
1437	pmid: 23620516	10	24	7
2012	pmid: 22804110	12	8	3
6500	pmid: 21378002	3	75	61
6749	pmid: 21378002	3	75	55
6749	pmid: 21378002	11	56	39
1319	pmid: 23183048	7	18	12
9215	pmid: 23183048	11	15	9
2012	pmid: 23183048	15	7	3
6556	pmid: 23492997	2	14	8
6556	pmid: 23492997	14	36	22
8877	pmid: 21906625	3	29	14
1057	pmid: 21906625	4	35	15
2011	pmid: 21906625	10	5	3
9215	pmid: 22380843	5	31	18
1057	pmid: 22402368	2	14	7
4280	pmid: 22402368	7	40	8
51561	pmid: 22402368	8	17	11
4280	pmid: 22402368	8	17	3
51561	pmid: 22402368	9	24	22
1057	pmid: 22402368	11	14	11
2012	pmid: 22402368	12	5	3
1057	pmid: 22324470	6	42	28
2012	pmid: 22153821	10	6	3
2011	pmid: 22285249	10	5	3
2011	pmid: 21618592	6	5	3
55364	pmid: 22247419	13	27	11
2001	pmid: 24189079	8	28	15
1057	pmid: 22455832	2	12	6
1057	pmid: 22455832	7	38	6
1057	pmid: 22455832	10	21	7
1057	pmid: 22455832	13	32	13
2012	pmid: 22455832	15	5	3
55364	pmid: 21844067	3	19	11
55364	pmid: 21844067	4	16	4
1415	pmid: 21844067	8	16	4
4745	pmid: 21844067	8	16	11
1057	pmid: 23625489	4	31	14
1057	pmid: 23625489	5	32	28
1057	pmid: 21919736	6	25	12
325	pmid: 21919736	10	24	9
325	pmid: 21919736	11	33	21
10752	pmid: 23641196	9	42	16
55364	pmid: 23373525	6	19	5
55364	pmid: 23373525	15	16	11
2013	pmid: 23465998	6	5	3
1057	pmid: 24250492	8	28	23
1319	pmid: 24250492	10	20	5
10922	pmid: 24250492	12	25	7
1057	pmid: 24250492	14	44	23
2012	pmid: 23079871	11	7	2
5627	pmid: 23509048	12	10	2
10922	pmid: 22805230	3	32	29
2013	pmid: 23665549	7	5	3
6649	pmid: 22132904	2	20	8
6649	pmid: 22132904	3	26	9
6649	pmid: 22132904	5	26	13
6649	pmid: 22132904	7	22	17
6649	pmid: 22132904	8	26	19
6649	pmid: 22132904	9	13	9
6649	pmid: 22132904	10	16	10
55364	pmid: 22700708	6	30	7
4280	pmid: 22700708	12	12	2
2010	pmid: 23245605	5	51	18
2012	pmid: 23245605	22	5	3
1349	pmid: 21982872	9	11	4
55364	pmid: 21982871	3	20	6
79071	pmid: 23178033	8	23	17
2178	pmid: 23178033	8	23	17
1319	pmid: 23178033	9	50	29
2012	pmid: 23178033	18	7	3
1057	pmid: 22699511	2	14	6
1057	pmid: 22699511	6	21	17
1057	pmid: 22699511	9	25	7
4280	pmid: 22699511	9	25	15
1057	pmid: 22699511	10	26	11
2011	pmid: 21630352	13	5	3
1057	pmid: 23416238	2	19	17
1057	pmid: 23416238	5	30	21
1057	pmid: 23416238	9	21	14
2013	pmid: 23416238	10	5	3
1057	pmid: 22218763	3	33	28
1057	pmid: 23261766	2	14	8
1057	pmid: 23261766	10	13	6
1057	pmid: 23261766	12	20	19
1319	pmid: 22859697	3	53	20
1057	pmid: 23039230	5	48	5
4280	pmid: 23039230	5	48	46
2012	pmid: 23039230	8	4	2
2012	pmid: 23039230	9	6	3
55364	pmid: 23383186	2	20	5
55364	pmid: 23383186	3	13	11
55364	pmid: 23383186	4	51	45
10541	pmid: 23383186	5	13	5
2011	pmid: 23383186	5	13	3
8741	pmid: 23383186	5	13	5
55364	pmid: 23383186	11	50	28
1057	pmid: 22144343	5	42	29
2012	pmid: 22144343	9	8	3
1057	pmid: 22951995	2	18	9
1057	pmid: 22951995	9	29	3
1057	pmid: 22951995	12	21	15
1057	pmid: 22951995	13	42	5
4280	pmid: 22720838	6	10	2
4280	pmid: 22720838	7	22	5
1319	pmid: 22720838	8	16	7
55364	pmid: 22466791	3	25	21
2000	pmid: 22968544	5	34	31
1057	pmid: 22277374	2	19	7
1319	pmid: 23303521	6	30	17
2012	pmid: 22396437	15	6	3
972	pmid: 23576302	4	54	52
972	pmid: 23576302	6	33	6
4280	pmid: 23576302	6	33	12
972	pmid: 23576302	7	23	16
2013	pmid: 23576302	8	7	2
2012	pmid: 23207182	11	5	3
3553	pmid: 22694930	3	39	18
1564	pmid: 22694930	5	24	22
7128	pmid: 22694930	7	45	16
3596	pmid: 22694930	9	20	8
3122	pmid: 22694930	10	21	8
55876	pmid: 22694930	11	26	8
10318	pmid: 22694930	12	37	8
2012	pmid: 22694930	14	10	3
1999	pmid: 22046772	7	28	16
55364	pmid: 21938671	5	38	16
55364	pmid: 22295019	6	29	14
1057	pmid: 22461701	3	27	9
1057	pmid: 22461701	4	36	23
1057	pmid: 22461701	8	38	11
1057	pmid: 22461701	11	22	16
1000	pmid: 22047971	9	26	25
2000	pmid: 22047971	9	26	21
2000	pmid: 22047971	14	43	41
2000	pmid: 22047971	15	19	8
2000	pmid: 22047971	16	50	37
2011	pmid: 22047971	19	5	3
2012	pmid: 22537857	10	5	3
9215	pmid: 23312657	3	44	7
2013	pmid: 23312657	12	5	3
2012	pmid: 22888087	7	8	3
2012	pmid: 22658530	8	10	3
9215	pmid: 22465283	9	26	7
2012	pmid: 22465283	10	5	3
2000	pmid: 22835665	7	32	30
2012	pmid: 22835665	30	6	3
2020	pmid: 22232355	3	28	24
5500	pmid: 22232355	3	28	19
1990	pmid: 22232353	6	11	9
51752	pmid: 22253828	2	9	5
51752	pmid: 22253828	3	10	2
64167	pmid: 22253828	4	33	22
51752	pmid: 22253828	9	36	9
1057	pmid: 22160641	4	20	8
1057	pmid: 22160641	5	19	10
1903	pmid: 22160641	8	29	6
1057	pmid: 22160641	9	30	23
1057	pmid: 22160641	10	15	14
4280	pmid: 21828184	7	38	2
1057	pmid: 21828184	9	18	16
4280	pmid: 21828184	10	28	9
11316	pmid: 22220278	8	33	30
1057	pmid: 22161990	12	20	18
3916	pmid: 22161990	13	26	10
2011	pmid: 22161990	17	6	3
1057	pmid: 22870943	10	45	34
1057	pmid: 22870943	13	23	19
55364	pmid: 23757766	4	20	11
2011	pmid: 22034123	15	9	3
1057	pmid: 22606332	7	26	10
1057	pmid: 22606332	8	30	19
1057	pmid: 22606332	9	19	5
9215	pmid: 22606332	9	19	18
1057	pmid: 22606332	10	32	11
9215	pmid: 22713377	4	31	23
2012	pmid: 22286116	11	7	3
55364	pmid: 21699406	9	18	8
55364	pmid: 22732448	5	25	4
1003	pmid: 22732448	5	25	15
2012	pmid: 22732448	10	6	3
1057	pmid: 22732449	2	9	3
1057	pmid: 22732449	4	35	13
643	pmid: 22732449	6	26	14
3683	pmid: 22732449	8	23	11
6382	pmid: 22732449	9	17	9
1057	pmid: 22732449	10	15	7
2012	pmid: 22732449	11	6	3
2011	pmid: 21915943	14	6	3
1057	pmid: 22547957	6	36	8
1319	pmid: 22806903	2	14	6
1057	pmid: 22884303	5	33	28
2010	pmid: 22884303	7	38	23
4280	pmid: 23221338	4	22	16
4280	pmid: 23221338	5	14	2
4280	pmid: 23221338	7	37	34
1057	pmid: 23221338	10	22	21
4280	pmid: 23221338	10	22	15
1057	pmid: 21945466	2	14	13
1057	pmid: 21945466	6	60	59
2011	pmid: 21945466	13	5	3
2876	pmid: 23160276	5	28	16
2910	pmid: 23160276	5	28	20
1594	pmid: 23160276	7	32	24
6302	pmid: 23160276	7	32	22
55364	pmid: 23695501	8	32	20
2001	pmid: 23447800	3	34	25
1057	pmid: 22074360	7	47	27
10215	pmid: 22074360	10	24	23
1057	pmid: 22074360	11	19	10
1057	pmid: 22074360	12	23	11
1319	pmid: 22074360	12	23	22
2001	pmid: 23095852	4	42	18
2005	pmid: 23095852	4	42	20
2012	pmid: 23095852	10	7	3
1319	pmid: 21775715	2	19	18
1319	pmid: 21775715	3	21	8
55364	pmid: 21775715	7	18	11
1948	pmid: 23983034	4	23	21
10541	pmid: 23983034	18	56	8
1940	pmid: 23983034	18	56	9
1945	pmid: 23983034	18	56	12
9215	pmid: 23983034	18	56	43
8741	pmid: 23983034	18	56	8
1934	pmid: 22258960	2	7	2
1293	pmid: 22258960	13	20	13
3122	pmid: 22258960	13	20	9
1934	pmid: 22258960	15	26	2
1934	pmid: 22258960	20	14	3
1057	pmid: 23739916	2	13	9
1057	pmid: 23739916	4	43	24
1057	pmid: 23739916	7	21	6
1057	pmid: 23739916	10	27	9
140685	pmid: 23739915	2	13	6
6198	pmid: 23739915	2	13	4
9215	pmid: 23739915	4	26	18
8499	pmid: 23739915	5	42	28
3459	pmid: 23089549	6	22	5
3459	pmid: 23089549	7	21	7
2012	pmid: 23089549	8	5	3
1057	pmid: 23862098	2	16	8
1057	pmid: 23862098	3	18	12
1057	pmid: 23862098	8	18	3
1995	pmid: 23862098	8	18	10
1057	pmid: 23862098	10	15	10
1057	pmid: 23862098	13	17	2
1319	pmid: 21594697	9	15	4
55364	pmid: 22151889	5	22	15
5743	pmid: 22151889	7	17	8
4280	pmid: 23640763	7	15	4
4280	pmid: 23640763	8	25	5
4280	pmid: 23640763	9	39	18
2013	pmid: 23640763	12	7	2
55364	pmid: 23244811	2	24	5
55364	pmid: 23244811	3	23	5
2012	pmid: 23244811	14	11	3
1057	pmid: 22641580	3	29	10
55364	pmid: 22217263	5	52	14
2009	pmid: 22217263	12	32	31
1996	pmid: 22385519	4	29	17
2001	pmid: 22385519	4	29	19
58	pmid: 22385519	11	10	9
2012	pmid: 22385519	11	10	7
1319	pmid: 22335434	2	22	6
1319	pmid: 22335434	3	39	17
4280	pmid: 22335434	4	15	7
4280	pmid: 22335434	5	15	6
4280	pmid: 22335434	6	19	4
4280	pmid: 22335434	7	27	23
1319	pmid: 22335434	8	18	10
4280	pmid: 22335434	8	18	14
4280	pmid: 22335434	9	22	12
2012	pmid: 22335434	11	12	8
10922	pmid: 22440485	11	19	13
2012	pmid: 22440485	16	8	3
2009	pmid: 22979982	4	15	12
51561	pmid: 22982753	2	17	4
51561	pmid: 22982753	3	26	4
51561	pmid: 22982753	5	13	8
51561	pmid: 22982753	6	21	13
51561	pmid: 22982753	7	20	10
51561	pmid: 22982753	8	18	13
51561	pmid: 22982753	10	19	14
51561	pmid: 22982753	11	22	11
1057	pmid: 22982753	12	28	26
2012	pmid: 22982753	13	5	3
55364	pmid: 22438029	7	19	12
3361	pmid: 23548494	4	17	10
9215	pmid: 23548494	11	14	10
2013	pmid: 22960049	13	8	3
9215	pmid: 21584674	7	29	5
2012	pmid: 23045978	9	7	2
1057	pmid: 22647574	4	29	14
50943	pmid: 22647574	6	33	28
4280	pmid: 22647574	7	16	13
1057	pmid: 22647574	8	8	7
1057	pmid: 22647574	9	21	20
4280	pmid: 22647574	10	31	5
4280	pmid: 22647574	11	20	13
4280	pmid: 22647574	12	19	2
1319	pmid: 23857303	3	16	10
361	pmid: 23857303	10	35	2
1319	pmid: 23857303	10	35	18
361	pmid: 23857303	11	21	5
1319	pmid: 23857303	11	21	14
361	pmid: 23857303	12	16	6
361	pmid: 23857303	13	17	13
1319	pmid: 23857303	14	29	17
83985	pmid: 23929922	6	35	4
83985	pmid: 23929922	15	35	20
