GeneName	PMID	Line index	The # of total tokens in sentence	Token Location in sentence
4280	pmid: 22378346	6	41	26
331	pmid: 22378302	5	18	8
1057	pmid: 22378302	8	15	14
331	pmid: 22378302	10	25	10
331	pmid: 22378302	11	28	11
1057	pmid: 22378302	14	22	14
1057	pmid: 22375400	4	43	4
4280	pmid: 22375400	7	16	14
2012	pmid: 22373539	3	63	44
2012	pmid: 22373539	4	31	8
1057	pmid: 22372504	5	27	15
1057	pmid: 22372504	9	59	53
94025	pmid: 22372499	6	16	11
100129528	pmid: 22372499	7	27	16
1057	pmid: 22372498	3	27	22
1057	pmid: 22372498	5	32	26
1524	pmid: 22372498	7	27	4
1057	pmid: 22371645	4	26	16
1057	pmid: 22371645	7	12	5
2010	pmid: 22371633	8	38	7
2012	pmid: 22371378	15	5	2
1820	pmid: 22369743	7	13	5
1029	pmid: 22368299	5	17	16
672	pmid: 22368299	6	38	32
675	pmid: 22368299	6	38	34
1029	pmid: 22368299	7	12	3
1029	pmid: 22368299	8	28	2
79728	pmid: 22368299	9	14	12
672	pmid: 22368299	10	10	7
1029	pmid: 22368299	11	11	10
1029	pmid: 22368299	12	16	15
1057	pmid: 22367292	2	22	20
1057	pmid: 22367292	3	53	37
1057	pmid: 22367292	4	21	5
1057	pmid: 22367292	6	11	9
1956	pmid: 22367239	5	39	4
2003	pmid: 22365997	4	32	29
2010	pmid: 22365494	2	23	16
2010	pmid: 22365494	5	24	17
1057	pmid: 22364882	3	32	30
1057	pmid: 22363741	8	57	17
1057	pmid: 22363658	2	15	4
1800	pmid: 22363658	6	28	11
1800	pmid: 22363658	8	24	4
1800	pmid: 22363658	10	18	7
1800	pmid: 22363658	11	29	27
1800	pmid: 22363658	12	21	6
1800	pmid: 22363658	13	20	9
3314	pmid: 22363124	4	28	4
2005	pmid: 22360763	8	38	35
5687	pmid: 22359542	2	8	4
5687	pmid: 22359542	5	25	4
4316	pmid: 22359542	11	31	13
1057	pmid: 22359319	4	25	13
2012	pmid: 22359319	13	5	2
1057	pmid: 22357542	4	31	13
9215	pmid: 22357542	7	7	4
2778	pmid: 22355676	2	14	5
2778	pmid: 22355676	6	35	34
2778	pmid: 22355676	7	27	5
2778	pmid: 22355676	8	25	5
1057	pmid: 22354549	4	31	22
2009	pmid: 22353527	6	26	21
1057	pmid: 22353526	2	12	6
1057	pmid: 22353526	4	15	12
1057	pmid: 22353526	5	29	21
1057	pmid: 22353526	6	48	26
1057	pmid: 22353526	7	26	9
1991	pmid: 22353525	4	18	10
4838	pmid: 22353525	19	13	6
11335	pmid: 22351932	5	21	5
11335	pmid: 22351932	8	37	29
2005	pmid: 22351874	5	19	10
1057	pmid: 22350780	2	12	11
6400	pmid: 22350780	3	18	2
6400	pmid: 22350780	5	11	6
6400	pmid: 22350780	6	19	2
6400	pmid: 22350780	8	21	12
6400	pmid: 22350780	9	26	2
6400	pmid: 22350780	12	20	3
6400	pmid: 22350780	14	23	2
6400	pmid: 22350780	16	17	8
1999	pmid: 22350605	7	25	6
2010	pmid: 22350605	7	25	8
968	pmid: 22350599	6	28	27
1983	pmid: 22350300	4	28	26
4280	pmid: 22348348	7	47	19
2012	pmid: 22348348	11	5	2
1057	pmid: 22348286	2	8	6
1057	pmid: 22348286	5	28	14
1057	pmid: 22348286	6	38	21
1057	pmid: 22348286	8	22	21
1057	pmid: 22348286	9	18	8
1057	pmid: 22348286	10	27	12
1057	pmid: 22348286	11	28	26
4280	pmid: 22348173	2	11	6
1057	pmid: 22348173	3	31	30
5000	pmid: 22348173	3	31	10
1057	pmid: 22348173	9	21	14
1743	pmid: 22348173	12	20	14
4280	pmid: 22348173	12	20	7
1057	pmid: 22348173	13	14	9
4280	pmid: 22348081	2	16	11
9215	pmid: 22348081	3	30	20
6678	pmid: 22348081	5	32	16
1057	pmid: 22348081	7	27	12
4280	pmid: 22348081	8	39	22
4280	pmid: 22348081	9	22	5
6678	pmid: 22348081	12	35	14
6774	pmid: 22348037	2	18	12
1057	pmid: 22348037	3	22	14
6774	pmid: 22348037	4	15	2
3718	pmid: 22348037	5	38	27
6774	pmid: 22348037	5	38	11
1057	pmid: 22348037	8	43	31
3718	pmid: 22348037	8	43	13
6774	pmid: 22348037	8	43	16
1057	pmid: 22348037	9	15	12
6774	pmid: 22348037	9	15	4
1057	pmid: 22348037	10	24	16
6774	pmid: 22348037	10	24	7
6774	pmid: 22348037	11	26	24
1057	pmid: 22347323	4	25	19
6367	pmid: 22347323	8	8	5
6363	pmid: 22347323	13	17	6
6367	pmid: 22347323	13	17	8
4280	pmid: 22344880	3	43	18
4280	pmid: 22344880	4	15	11
4280	pmid: 22344880	7	25	12
4280	pmid: 22344880	13	30	18
2012	pmid: 22344880	14	8	3
1057	pmid: 22344632	5	52	11
1057	pmid: 22344632	6	45	44
1057	pmid: 22344632	7	38	34
1057	pmid: 22344632	8	28	14
1057	pmid: 22344632	9	28	22
2012	pmid: 22344632	10	5	2
1057	pmid: 22344252	4	53	10
6774	pmid: 22342309	2	10	5
6774	pmid: 22342309	6	31	11
6774	pmid: 22342309	7	16	6
388112	pmid: 22340650	3	18	12
100133941	pmid: 22340650	4	19	16
960	pmid: 22340650	4	19	18
1057	pmid: 22340650	4	19	8
1057	pmid: 22340650	6	8	2
100133941	pmid: 22340650	7	22	16
960	pmid: 22340650	7	22	18
388112	pmid: 22340650	9	22	20
1057	pmid: 22340650	12	10	8
1057	pmid: 22340650	13	16	9
100133941	pmid: 22340650	15	24	22
388112	pmid: 22340650	16	11	4
388112	pmid: 22340650	19	21	7
1057	pmid: 22340649	3	30	14
7291	pmid: 22340649	7	35	33
2009	pmid: 22340105	4	25	22
55364	pmid: 22339744	2	16	3
55364	pmid: 22339744	4	18	6
55364	pmid: 22339744	7	25	3
55364	pmid: 22339744	10	21	2
55364	pmid: 22339744	11	23	3
1800	pmid: 22338014	12	22	17
1000	pmid: 22338014	12	22	21
100129528	pmid: 22336159	8	16	9
9215	pmid: 22336159	9	37	8
100129528	pmid: 22336159	9	37	33
4583	pmid: 22336159	11	15	5
4583	pmid: 22336159	14	20	2
1057	pmid: 22335903	4	24	7
1490	pmid: 22335903	4	24	4
1490	pmid: 22335903	5	35	25
1490	pmid: 22335903	7	12	3
1057	pmid: 22335903	10	30	24
1057	pmid: 22335271	6	30	18
100133941	pmid: 22335271	11	29	22
6185	pmid: 22335271	11	29	17
4280	pmid: 22334019	4	30	10
1057	pmid: 22334000	2	17	16
1057	pmid: 22334000	3	37	34
1057	pmid: 22334000	4	16	11
1057	pmid: 22334000	5	37	30
1057	pmid: 22334000	6	21	8
1057	pmid: 22334000	7	53	30
1057	pmid: 22334000	11	27	21
1057	pmid: 22333707	6	24	12
1057	pmid: 22333707	10	40	5
374	pmid: 22333441	5	25	8
374	pmid: 22333441	6	39	10
374	pmid: 22333441	9	19	4
374	pmid: 22333441	10	12	2
1057	pmid: 22333204	4	13	3
1057	pmid: 22332746	7	28	19
1057	pmid: 22331587	4	30	17
9215	pmid: 22331587	6	31	21
1057	pmid: 22331587	13	16	11
55364	pmid: 22331587	15	24	21
2012	pmid: 22331587	19	5	2
5899	pmid: 22331470	2	17	2
5898	pmid: 22331470	3	32	13
5899	pmid: 22331470	3	32	15
5899	pmid: 22331470	4	12	2
5899	pmid: 22331470	5	35	21
1057	pmid: 22331470	6	27	10
3845	pmid: 22331470	6	27	7
5899	pmid: 22331470	8	12	8
149371	pmid: 22331470	9	16	13
85021	pmid: 22331470	10	21	5
1769	pmid: 22331470	11	11	5
85021	pmid: 22331470	11	11	8
9817	pmid: 22331464	2	11	4
4780	pmid: 22331464	2	11	7
672	pmid: 22331464	4	26	15
675	pmid: 22331464	4	26	17
79728	pmid: 22331464	5	23	5
9817	pmid: 22331464	6	19	18
4780	pmid: 22331464	6	19	16
4780	pmid: 22331464	7	17	3
79728	pmid: 22331464	8	14	3
4780	pmid: 22331464	8	14	9
79728	pmid: 22331464	9	26	4
6271	pmid: 22330678	3	15	2
64766	pmid: 22330678	5	19	3
64766	pmid: 22330678	6	26	13
1057	pmid: 22330678	6	26	5
64766	pmid: 22330678	7	20	4
64766	pmid: 22330678	8	16	4
64766	pmid: 22330678	9	21	5
64766	pmid: 22330678	10	26	25
64766	pmid: 22330678	11	28	5
1057	pmid: 22330678	11	28	27
3052	pmid: 22330234	5	25	5
2010	pmid: 22330234	6	16	13
100129528	pmid: 22329852	2	21	18
9215	pmid: 22329852	7	17	10
1057	pmid: 22329852	11	35	27
100129528	pmid: 22329852	11	35	14
2005	pmid: 22329849	6	15	12
100129528	pmid: 22329400	2	16	5
100129528	pmid: 22329400	5	32	21
1057	pmid: 22329400	6	39	14
100129528	pmid: 22329400	6	39	7
1057	pmid: 22329400	7	24	3
100129528	pmid: 22329400	8	17	12
100129528	pmid: 22329400	10	26	10
1057	pmid: 22320910	7	26	10
1031	pmid: 22328735	5	62	48
1294	pmid: 22328735	5	62	52
2390	pmid: 22328735	5	62	24
3034	pmid: 22328735	5	62	40
1468	pmid: 22328735	5	62	10
9215	pmid: 22328735	9	20	3
100129528	pmid: 22327284	3	31	23
1800	pmid: 22326673	3	29	8
8382	pmid: 22325559	2	15	3
1057	pmid: 22325559	5	24	18
1057	pmid: 22325559	6	21	19
8382	pmid: 22325559	6	21	11
1057	pmid: 22325559	7	21	8
8382	pmid: 22325559	8	13	2
1057	pmid: 22325559	10	17	16
8382	pmid: 22325559	10	17	11
8382	pmid: 22325559	11	19	6
1057	pmid: 22323115	2	20	19
1057	pmid: 22323115	6	12	8
54822	pmid: 22323115	7	13	5
54822	pmid: 22323115	8	19	8
54822	pmid: 22323115	9	19	15
54822	pmid: 22323115	10	9	2
1057	pmid: 22323115	11	25	3
54822	pmid: 22323115	12	12	11
1057	pmid: 22323115	13	28	27
54822	pmid: 22323115	13	28	21
1057	pmid: 22323115	14	11	10
54822	pmid: 22323115	14	11	5
1057	pmid: 22323115	15	30	13
54822	pmid: 22323115	15	30	7
2012	pmid: 22323115	16	4	2
1057	pmid: 22322899	6	15	8
1057	pmid: 22322899	7	17	16
4280	pmid: 22322899	8	27	12
6774	pmid: 22322442	2	27	23
1057	pmid: 22322442	5	15	7
4280	pmid: 22322442	6	38	17
1956	pmid: 22322442	7	32	21
6774	pmid: 22322442	9	15	10
2012	pmid: 22322442	11	4	2
1057	pmid: 22322379	3	25	18
1057	pmid: 22322379	9	29	9
7171	pmid: 22322295	7	21	18
1057	pmid: 22322295	8	20	19
1057	pmid: 22322295	9	26	20
1057	pmid: 22321888	4	14	12
2475	pmid: 22321888	6	15	14
1215	pmid: 22321888	9	19	3
2475	pmid: 22321888	11	14	8
4089	pmid: 22321641	2	13	6
4089	pmid: 22321641	5	53	38
1057	pmid: 22321476	11	77	33
1057	pmid: 22321398	6	41	29
1057	pmid: 22320450	6	24	20
1057	pmid: 22320450	8	9	4
2012	pmid: 22320450	16	5	2
94025	pmid: 22320398	2	15	3
94025	pmid: 22320398	6	46	29
94025	pmid: 22320398	7	33	24
1057	pmid: 22320398	8	26	25
94025	pmid: 22320398	8	26	11
94025	pmid: 22320398	10	19	8
9215	pmid: 22319744	5	17	4
7852	pmid: 22319600	2	15	11
7852	pmid: 22319600	4	38	28
6387	pmid: 22319600	4	38	13
1057	pmid: 22319600	5	40	19
7852	pmid: 22319600	5	40	9
1057	pmid: 22319600	7	20	19
7852	pmid: 22319600	10	23	18
2001	pmid: 22318898	8	29	15
2010	pmid: 22317883	7	15	12
1057	pmid: 22316327	2	17	3
1057	pmid: 22316327	3	31	6
1057	pmid: 22315049	3	26	11
9215	pmid: 22315049	7	39	18
1057	pmid: 22314265	2	20	19
1057	pmid: 22314265	4	26	13
1057	pmid: 22314265	5	35	7
596	pmid: 22314265	11	38	12
1215	pmid: 22313544	6	23	6
1057	pmid: 22313544	7	20	13
4280	pmid: 22313312	9	48	37
208	pmid: 22312312	2	19	3
208	pmid: 22312312	4	33	8
1057	pmid: 22312312	5	18	13
208	pmid: 22312312	7	24	23
208	pmid: 22312312	8	22	3
208	pmid: 22312312	12	22	8
208	pmid: 22312312	13	37	10
1999	pmid: 22311829	4	24	12
2012	pmid: 22311829	21	6	3
1993	pmid: 22311282	5	26	20
2005	pmid: 22311282	5	26	24
1057	pmid: 22311263	2	21	13
1057	pmid: 22311263	3	26	10
1057	pmid: 22311263	4	26	13
4089	pmid: 22311263	7	26	25
4089	pmid: 22311263	8	43	38
2009	pmid: 22311120	5	14	12
1992	pmid: 22311120	5	14	10
3845	pmid: 22310974	2	16	12
1956	pmid: 22310974	3	15	10
3845	pmid: 22310974	4	31	17
3845	pmid: 22310974	6	43	35
3845	pmid: 22310974	7	33	20
2475	pmid: 22310917	8	25	9
1999	pmid: 22307919	6	19	8
2012	pmid: 22307919	14	4	2
1057	pmid: 22306705	2	12	5
1057	pmid: 22306705	7	30	16
11335	pmid: 22306681	6	106	25
79071	pmid: 22306681	24	41	5
2178	pmid: 22306681	24	41	5
1057	pmid: 22306681	34	36	14
1057	pmid: 22306681	35	32	16
1057	pmid: 22306681	38	53	41
1057	pmid: 22306681	39	49	47
1057	pmid: 22306681	41	38	21
1057	pmid: 22306681	42	36	18
1057	pmid: 22306681	43	18	6
1057	pmid: 22306681	47	54	19
9215	pmid: 22306681	48	36	16
1523	pmid: 22306263	3	22	7
9215	pmid: 22306263	3	22	12
1523	pmid: 22306263	4	30	5
1523	pmid: 22306263	5	10	5
1057	pmid: 22306263	5	10	9
1523	pmid: 22306263	6	20	6
1057	pmid: 22306263	6	20	17
1523	pmid: 22306263	7	21	16
1523	pmid: 22306263	8	17	10
1057	pmid: 22306263	8	17	16
1523	pmid: 22306263	9	21	6
1057	pmid: 22306263	9	21	13
1523	pmid: 22306263	10	30	22
1523	pmid: 22306263	11	16	10
1523	pmid: 22306263	13	36	5
1523	pmid: 22306263	14	36	27
1057	pmid: 22306154	6	40	39
1057	pmid: 22306154	7	24	20
347527	pmid: 22304734	4	19	6
1057	pmid: 22304734	9	37	36
23213	pmid: 22304734	10	40	18
2012	pmid: 22304734	11	7	2
2009	pmid: 22302349	9	11	8
1057	pmid: 22301921	4	28	9
2735	pmid: 22301921	6	31	10
595	pmid: 22301921	6	31	24
596	pmid: 22301921	11	45	17
2735	pmid: 22301921	11	45	35
595	pmid: 22301921	11	45	15
596	pmid: 22301921	12	15	11
595	pmid: 22301921	12	15	9
2735	pmid: 22301921	13	16	14
1057	pmid: 22301921	14	19	7
1999	pmid: 22301497	5	39	36
1999	pmid: 22301496	5	26	23
9215	pmid: 22301400	6	17	5
1786	pmid: 22301400	11	13	6
1788	pmid: 22301400	12	22	7
1789	pmid: 22301400	12	22	9
1789	pmid: 22301400	14	19	8
2944	pmid: 22301281	10	46	19
1057	pmid: 22300387	9	39	10
140	pmid: 22300387	10	14	6
140	pmid: 22300387	11	26	3
140	pmid: 22300387	12	38	8
1057	pmid: 22298506	9	17	4
2012	pmid: 22298506	14	5	2
1057	pmid: 22297233	4	13	11
1057	pmid: 22297233	5	39	22
1057	pmid: 22296619	12	30	22
1057	pmid: 22295108	2	19	9
1057	pmid: 22295108	3	53	47
1057	pmid: 22295108	4	27	23
1057	pmid: 22295108	8	51	31
1057	pmid: 22294829	3	17	16
4280	pmid: 22294829	5	23	11
1057	pmid: 22294829	14	35	15
1057	pmid: 22294553	2	17	11
1057	pmid: 22294553	5	18	15
1057	pmid: 22294553	7	26	24
1956	pmid: 22294553	7	26	12
7852	pmid: 22294553	8	35	11
9965	pmid: 22294553	8	35	13
1956	pmid: 22294553	9	40	4
1057	pmid: 22293948	2	22	5
246778	pmid: 22293948	4	19	17
10148	pmid: 22293948	5	28	9
246778	pmid: 22293948	6	32	9
4280	pmid: 22293948	6	32	30
4280	pmid: 22293948	7	31	27
1057	pmid: 22293948	8	18	2
4280	pmid: 22293948	8	18	10
4280	pmid: 22293948	9	37	18
246778	pmid: 22293948	10	37	33
1057	pmid: 22293948	10	37	23
1057	pmid: 22292614	4	38	18
1999	pmid: 22292226	7	27	16
4280	pmid: 22292058	5	29	16
8312	pmid: 22292058	9	39	38
4280	pmid: 22292058	9	39	7
1057	pmid: 22291919	10	37	36
89778	pmid: 22289513	2	11	2
89778	pmid: 22289513	4	13	3
89778	pmid: 22289513	6	24	16
89778	pmid: 22289513	7	23	5
89778	pmid: 22289513	9	24	23
89778	pmid: 22289513	10	14	9
89778	pmid: 22289513	11	37	18
89778	pmid: 22289513	12	30	6
94005	pmid: 22288880	6	28	9
9215	pmid: 22288050	4	26	10
4280	pmid: 22287840	8	23	5
4486	pmid: 22287729	2	15	2
1057	pmid: 22287729	5	8	2
4486	pmid: 22287729	6	11	4
4486	pmid: 22287729	7	14	3
4486	pmid: 22287729	8	11	10
1057	pmid: 22287729	9	24	9
4486	pmid: 22287729	11	14	11
4486	pmid: 22287729	12	17	2
4280	pmid: 22287227	6	21	7
4280	pmid: 22287227	8	22	10
4280	pmid: 22287227	9	14	10
4280	pmid: 22287227	10	11	5
4280	pmid: 22287227	11	28	4
4280	pmid: 22287227	12	24	3
2012	pmid: 22287227	14	4	2
7033	pmid: 22286382	4	17	6
1057	pmid: 22286382	5	26	20
100129528	pmid: 22286382	5	26	9
7033	pmid: 22286382	5	26	24
1057	pmid: 22286382	7	14	2
7032	pmid: 22286382	7	14	7
7033	pmid: 22286382	7	14	9
7033	pmid: 22286382	8	13	11
4586	pmid: 22286382	11	20	6
100129528	pmid: 22286382	11	20	4
7033	pmid: 22286382	13	14	6
7033	pmid: 22286382	15	14	5
1057	pmid: 22286382	16	15	6
7033	pmid: 22286382	16	15	9
1057	pmid: 22286027	7	40	19
2006	pmid: 22285669	4	28	26
4838	pmid: 22285669	5	15	14
4838	pmid: 22284684	14	20	4
55364	pmid: 22284089	2	13	2
55364	pmid: 22284089	5	15	5
4280	pmid: 22283686	5	20	3
4280	pmid: 22283686	10	48	19
4280	pmid: 22283686	11	26	22
1057	pmid: 22281437	2	5	4
8678	pmid: 22281437	6	58	15
4280	pmid: 22281437	6	58	22
1057	pmid: 22281437	7	54	45
1057	pmid: 22281437	8	44	15
10922	pmid: 22281437	9	51	12
1057	pmid: 22281437	9	51	15
1057	pmid: 22281437	10	33	8
1057	pmid: 22280800	8	30	25
5745	pmid: 22280800	13	21	18
1995	pmid: 22277791	4	50	42
1996	pmid: 22277791	6	25	9
887	pmid: 22277584	5	23	20
887	pmid: 22277584	6	25	21
887	pmid: 22277584	7	30	29
8091	pmid: 22276603	2	17	3
8091	pmid: 22276603	5	17	14
3159	pmid: 22276603	5	17	12
8091	pmid: 22276603	6	29	3
8091	pmid: 22276603	8	21	9
3159	pmid: 22276603	8	21	7
8091	pmid: 22276603	9	14	4
3159	pmid: 22276603	9	14	2
8091	pmid: 22276603	11	25	7
3159	pmid: 22276603	11	25	5
1057	pmid: 22275514	4	26	25
8893	pmid: 22275514	8	37	12
1057	pmid: 22275185	2	13	6
9215	pmid: 22275185	5	17	6
1057	pmid: 22275185	7	45	31
3691	pmid: 22275185	9	21	8
1057	pmid: 22273698	2	11	10
6774	pmid: 22273698	2	11	3
1057	pmid: 22273698	3	34	16
1057	pmid: 22273698	4	20	19
6774	pmid: 22273698	5	17	14
1057	pmid: 22273698	6	26	5
1057	pmid: 22273698	7	11	10
1057	pmid: 22273698	9	36	12
6774	pmid: 22273698	9	36	35
1057	pmid: 22273698	10	19	18
1057	pmid: 22273698	11	14	12
6774	pmid: 22273698	11	14	5
55364	pmid: 22272725	2	14	2
1057	pmid: 22272725	11	33	15
55364	pmid: 22272725	13	24	13
5743	pmid: 22272632	4	17	3
6662	pmid: 22271799	2	13	9
6662	pmid: 22271799	6	44	34
6662	pmid: 22271799	7	47	30
1057	pmid: 22271799	8	54	21
6662	pmid: 22271799	8	54	34
1956	pmid: 22271412	3	30	20
1956	pmid: 22271412	4	21	12
1057	pmid: 22271412	5	28	26
1956	pmid: 22271412	5	28	14
1057	pmid: 22271412	7	13	10
1956	pmid: 22271412	14	14	4
100129528	pmid: 22271055	3	38	22
100129528	pmid: 22271054	11	17	7
1057	pmid: 22270965	9	19	2
1057	pmid: 22270965	11	34	18
596	pmid: 22270965	12	30	23
1048	pmid: 22270149	4	53	51
1057	pmid: 22270149	4	53	35
100129528	pmid: 22270149	4	53	31
1057	pmid: 22266985	5	21	5
1057	pmid: 22266985	8	19	2
4585	pmid: 22266985	11	15	3
1057	pmid: 22266985	14	41	25
5154	pmid: 22266848	2	8	3
100129528	pmid: 22266848	4	21	6
5154	pmid: 22266848	11	23	13
5154	pmid: 22266848	12	18	2
5154	pmid: 22266848	13	18	11
5154	pmid: 22266848	14	16	15
5154	pmid: 22266848	17	22	6
1057	pmid: 22266188	6	18	12
1057	pmid: 22266188	7	10	9
1057	pmid: 22266188	8	16	13
3297	pmid: 22266185	6	23	22
1057	pmid: 22265420	6	14	9
10752	pmid: 22265397	2	11	7
1057	pmid: 22264850	8	39	19
3845	pmid: 22264792	3	15	2
2353	pmid: 22264792	6	31	6
2354	pmid: 22264792	6	31	6
3725	pmid: 22264792	6	31	6
10535	pmid: 22264792	6	31	6
3727	pmid: 22264792	6	31	6
3845	pmid: 22264792	7	15	6
9215	pmid: 22264027	3	25	16
1057	pmid: 22264027	5	36	19
100133941	pmid: 22263802	9	12	5
960	pmid: 22263802	9	12	7
1057	pmid: 22263802	10	31	26
1057	pmid: 22262543	2	17	13
1057	pmid: 22262543	3	23	12
1057	pmid: 22262543	4	24	13
1057	pmid: 22262543	5	31	23
1057	pmid: 22262543	6	19	18
1057	pmid: 22262543	7	16	12
6195	pmid: 22262543	7	16	14
1057	pmid: 22262543	9	37	15
1057	pmid: 22262369	7	33	25
1057	pmid: 22262369	9	28	13
2012	pmid: 22262369	14	10	3
1956	pmid: 22261712	4	9	6
1956	pmid: 22261712	5	23	15
1956	pmid: 22261712	7	10	4
55364	pmid: 22261712	8	22	20
1956	pmid: 22261712	8	22	15
1956	pmid: 22261712	10	19	10
1956	pmid: 22261712	11	15	2
1057	pmid: 22261338	4	46	25
1057	pmid: 22261338	6	27	21
2003	pmid: 22260836	7	17	15
28234	pmid: 22260016	5	29	4
1057	pmid: 22258856	8	29	28
1057	pmid: 22258815	6	18	9
4280	pmid: 22258815	8	24	9
1057	pmid: 22258815	9	12	11
1057	pmid: 22258815	13	37	16
1057	pmid: 22253833	2	17	8
7409	pmid: 22253833	2	17	2
7409	pmid: 22253833	4	20	2
7409	pmid: 22253833	5	21	17
7409	pmid: 22253833	6	24	14
1057	pmid: 22253833	7	23	22
7409	pmid: 22253833	8	16	12
7409	pmid: 22253833	9	23	22
7409	pmid: 22253833	10	15	10
7409	pmid: 22253833	11	10	9
7409	pmid: 22253833	12	26	6
7409	pmid: 22253833	13	40	33
7409	pmid: 22253833	14	19	8
7409	pmid: 22253833	15	17	14
6749	pmid: 22252658	3	41	29
1057	pmid: 22251937	2	20	5
9215	pmid: 22251937	2	20	4
1057	pmid: 22251937	5	42	32
9215	pmid: 22251937	5	42	31
546	pmid: 22251937	6	42	32
1057	pmid: 22251937	6	42	26
9215	pmid: 22251937	6	42	25
7157	pmid: 22251937	7	17	14
546	pmid: 22251937	8	23	5
1616	pmid: 22251937	8	23	3
596	pmid: 22251937	9	30	3
1057	pmid: 22251937	9	30	21
9215	pmid: 22251937	9	30	20
1057	pmid: 22251937	11	21	9
9215	pmid: 22251937	11	21	8
596	pmid: 22251937	12	26	16
1057	pmid: 22251937	12	26	12
5978	pmid: 22251549	6	12	9
1956	pmid: 22250636	2	13	4
1956	pmid: 22250636	4	10	9
2006	pmid: 22250636	5	31	27
2009	pmid: 22250636	5	31	29
1956	pmid: 22250636	5	31	20
1956	pmid: 22250636	15	16	12
1956	pmid: 22250636	16	17	5
9215	pmid: 22249272	18	30	18
2305	pmid: 22249132	2	15	3
2305	pmid: 22249132	4	25	17
2305	pmid: 22249132	5	27	5
2305	pmid: 22249132	7	20	4
2305	pmid: 22249132	8	19	2
2305	pmid: 22249132	9	28	7
2305	pmid: 22249132	10	22	18
2305	pmid: 22249132	11	15	6
2305	pmid: 22249132	12	18	6
1057	pmid: 22248802	5	24	6
2009	pmid: 22248600	12	16	7
1057	pmid: 22247788	5	36	35
2005	pmid: 22247287	8	26	22
2005	pmid: 22247287	11	22	18
1057	pmid: 22246854	8	33	13
1057	pmid: 22246854	29	23	12
1057	pmid: 22246533	3	18	14
3039	pmid: 22246533	5	23	11
5175	pmid: 22246533	5	23	11
5111	pmid: 22246533	7	17	2
1057	pmid: 22246533	8	26	25
1057	pmid: 22246533	9	18	14
1057	pmid: 22246317	12	23	19
2475	pmid: 22246317	14	27	26
55364	pmid: 22246279	2	14	9
55364	pmid: 22246279	8	20	10
6706	pmid: 22246215	2	15	8
1057	pmid: 22246215	4	37	20
1057	pmid: 22246215	5	9	8
1057	pmid: 22246215	9	15	14
6706	pmid: 22246215	9	15	2
1057	pmid: 22246215	10	14	4
6706	pmid: 22246215	10	14	10
1057	pmid: 22246215	11	23	5
6706	pmid: 22246215	11	23	20
1057	pmid: 22246215	12	29	28
6706	pmid: 22246215	12	29	2
1057	pmid: 22246215	13	21	18
6706	pmid: 22246215	13	21	6
6706	pmid: 22246215	14	19	10
1057	pmid: 22246103	6	31	28
331	pmid: 22246103	7	20	6
1057	pmid: 22246103	8	26	13
331	pmid: 22246103	11	33	24
596	pmid: 22246103	11	33	21
1057	pmid: 22246103	12	15	14
4280	pmid: 22245972	2	18	8
7032	pmid: 22245972	2	18	6
7032	pmid: 22245972	4	13	2
7033	pmid: 22245972	4	13	4
7032	pmid: 22245972	6	14	12
4280	pmid: 22245972	9	12	8
1057	pmid: 22245972	10	25	24
4280	pmid: 22245972	12	16	14
7032	pmid: 22245972	12	16	8
1057	pmid: 22245693	6	25	6
1057	pmid: 22245693	10	22	13
4280	pmid: 22245693	12	20	2
3159	pmid: 22245693	12	20	18
9704	pmid: 22245197	6	13	11
1319	pmid: 22245197	8	49	45
6749	pmid: 22244303	4	20	8
55364	pmid: 22244303	6	27	5
55364	pmid: 22244181	2	15	2
55364	pmid: 22244181	4	18	4
1990	pmid: 22244181	5	25	21
1111	pmid: 22244109	5	37	29
1057	pmid: 22244109	5	37	35
1057	pmid: 22244109	8	37	26
4089	pmid: 22243968	2	13	8
4089	pmid: 22243968	5	12	5
55364	pmid: 22243968	8	62	58
4089	pmid: 22243968	8	62	2
1057	pmid: 22241962	5	15	10
1057	pmid: 22241962	10	40	20
2012	pmid: 22241738	14	6	3
1057	pmid: 22241445	4	27	13
1057	pmid: 22241445	8	36	25
6643	pmid: 22240790	5	20	12
1057	pmid: 22238308	6	36	22
1057	pmid: 22238308	7	26	14
1057	pmid: 22238308	8	22	15
1057	pmid: 22238308	10	34	12
1057	pmid: 22238308	11	27	2
1057	pmid: 22238072	5	23	6
55364	pmid: 22237731	3	14	3
2004	pmid: 22237731	4	24	22
2155	pmid: 22237731	8	6	3
2004	pmid: 22237731	9	18	11
2009	pmid: 22237731	9	18	15
2012	pmid: 22237731	18	9	3
1934	pmid: 22237676	2	14	11
1057	pmid: 22237676	3	19	10
1934	pmid: 22237676	3	19	9
1057	pmid: 22237676	8	37	23
1934	pmid: 22237676	8	37	22
1057	pmid: 22237676	14	11	3
1934	pmid: 22237676	14	11	2
1057	pmid: 22237676	16	14	12
1934	pmid: 22237676	16	14	11
55364	pmid: 22237148	4	24	18
3845	pmid: 22234980	2	15	5
4280	pmid: 22234980	4	23	17
4280	pmid: 22234980	5	80	55
4280	pmid: 22234980	6	48	14
9215	pmid: 22233948	5	24	8
9215	pmid: 22233948	6	24	22
1057	pmid: 22233946	5	35	25
1057	pmid: 22233809	6	65	50
6597	pmid: 22233809	6	65	42
1057	pmid: 22233582	6	24	2
1057	pmid: 22233582	7	22	17
1057	pmid: 22232555	5	21	15
5879	pmid: 22232555	9	30	17
5879	pmid: 22232555	10	9	8
3845	pmid: 22232209	2	15	2
3845	pmid: 22232209	3	25	24
3845	pmid: 22232209	4	27	15
4280	pmid: 22232209	5	42	13
1057	pmid: 22232209	7	27	26
1057	pmid: 22232209	9	20	9
1057	pmid: 22231028	11	49	8
1956	pmid: 22231028	11	49	10
1057	pmid: 22231028	12	23	16
1057	pmid: 22231028	14	19	14
1956	pmid: 22231028	15	27	9
1125	pmid: 22231026	4	38	30
1240	pmid: 22231026	4	38	20
1582	pmid: 22231026	4	38	28
6447	pmid: 22231026	4	38	22
1994	pmid: 22228972	4	38	32
2005	pmid: 22228972	4	38	35
1057	pmid: 22228907	2	15	14
1057	pmid: 22228907	3	21	2
9215	pmid: 22228907	4	27	9
1057	pmid: 22228907	10	34	30
1057	pmid: 22228630	4	43	41
1057	pmid: 22228630	5	35	27
4280	pmid: 22228630	7	21	8
1057	pmid: 22228630	10	19	11
675	pmid: 22228431	2	17	16
675	pmid: 22228431	3	32	18
675	pmid: 22228431	11	11	8
2003	pmid: 22228049	5	14	4
1057	pmid: 22227579	8	26	25
1956	pmid: 22226241	6	28	6
6678	pmid: 22226241	9	42	30
9215	pmid: 22225274	10	58	14
1057	pmid: 22223849	4	24	7
11315	pmid: 22223849	5	37	19
1057	pmid: 22223849	6	22	11
11315	pmid: 22223849	6	22	3
11315	pmid: 22223849	7	26	3
11315	pmid: 22223849	8	10	9
1057	pmid: 22223849	9	20	9
11315	pmid: 22223849	9	20	13
1057	pmid: 22223849	11	32	29
11315	pmid: 22223849	11	32	12
1057	pmid: 22222710	3	22	21
57016	pmid: 22222635	4	13	3
57016	pmid: 22222635	5	29	26
57016	pmid: 22222635	7	32	4
1057	pmid: 22222635	7	32	21
3845	pmid: 22222635	7	32	27
57016	pmid: 22222635	8	26	5
57016	pmid: 22222635	9	32	23
1057	pmid: 22222635	9	32	17
57016	pmid: 22222635	10	40	4
1057	pmid: 22222635	10	40	14
3845	pmid: 22222635	10	40	26
57016	pmid: 22222635	11	33	8
1057	pmid: 22222635	11	33	21
1057	pmid: 22222427	5	24	18
1057	pmid: 22222427	6	22	10
1057	pmid: 22222427	7	23	8
1057	pmid: 22222427	9	12	10
1057	pmid: 22222427	11	18	16
864	pmid: 22222375	7	28	16
864	pmid: 22222375	9	24	21
9215	pmid: 22221899	3	43	36
100129528	pmid: 22221899	3	43	39
1057	pmid: 22221899	4	40	13
100129528	pmid: 22221899	6	25	6
100129528	pmid: 22221899	9	26	18
1057	pmid: 22221784	2	14	13
1057	pmid: 22221784	3	37	12
9215	pmid: 22221702	2	16	14
9215	pmid: 22221702	11	32	21
9215	pmid: 22221702	15	19	17
4280	pmid: 22221605	5	28	17
4280	pmid: 22221605	6	12	7
4280	pmid: 22221605	8	17	7
4280	pmid: 22221605	9	11	3
4280	pmid: 22221605	11	17	14
9215	pmid: 22221575	8	20	13
100129528	pmid: 22221575	8	20	16
7852	pmid: 22220212	2	15	4
6387	pmid: 22220212	2	15	8
6387	pmid: 22220212	4	16	3
7852	pmid: 22220212	5	18	2
7852	pmid: 22220212	6	16	6
1057	pmid: 22220212	7	42	20
7852	pmid: 22220212	7	42	15
1057	pmid: 22220212	8	17	11
1057	pmid: 22220212	9	22	4
7852	pmid: 22220212	9	22	16
7852	pmid: 22220212	10	21	11
1057	pmid: 22220212	11	32	19
7852	pmid: 22220212	11	32	24
7852	pmid: 22220212	12	17	7
2099	pmid: 22220212	13	26	18
7852	pmid: 22220212	13	26	4
6387	pmid: 22220212	13	26	21
7852	pmid: 22220212	14	18	9
7852	pmid: 22220212	15	17	9
6387	pmid: 22220212	15	17	5
7852	pmid: 22220212	16	25	11
6387	pmid: 22220212	16	25	13
94025	pmid: 22220206	8	33	29
4586	pmid: 22220206	8	33	27
4586	pmid: 22220206	9	40	16
4280	pmid: 22220202	11	35	13
10541	pmid: 22219598	4	20	2
2001	pmid: 22219598	4	20	3
8741	pmid: 22219598	4	20	2
55364	pmid: 22219598	8	36	18
2956	pmid: 22219001	2	19	10
4436	pmid: 22219001	2	19	8
2956	pmid: 22219001	4	26	25
4292	pmid: 22219001	4	26	23
2956	pmid: 22219001	5	20	14
27030	pmid: 22219001	5	20	4
4436	pmid: 22219001	5	20	10
2956	pmid: 22219001	7	26	14
4436	pmid: 22219001	7	26	12
2956	pmid: 22219001	11	13	12
4436	pmid: 22219001	11	13	10
2956	pmid: 22219001	12	25	9
4436	pmid: 22219001	12	25	7
6749	pmid: 22217246	3	39	28
1057	pmid: 22217246	7	27	21
2011	pmid: 22216460	3	33	15
55364	pmid: 22215331	4	23	20
1993	pmid: 22215331	5	18	16
4280	pmid: 22215137	6	38	17
4280	pmid: 22214289	8	21	16
4280	pmid: 22214289	11	32	11
1057	pmid: 22214289	14	16	11
2011	pmid: 22213587	7	8	5
2065	pmid: 22213458	3	33	5
1956	pmid: 22213458	3	33	19
2065	pmid: 22213458	5	26	2
2011	pmid: 22213458	13	5	2
1057	pmid: 22213426	7	24	11
1057	pmid: 22213426	8	32	17
1956	pmid: 22213426	8	32	30
2011	pmid: 22213426	13	5	2
1057	pmid: 22213176	5	46	39
2011	pmid: 22213176	10	5	2
2011	pmid: 22213144	13	6	3
1057	pmid: 22213040	2	18	7
1057	pmid: 22213040	8	16	11
1057	pmid: 22213040	9	22	7
4280	pmid: 22213040	12	24	10
1967	pmid: 22212610	5	20	18
672	pmid: 22212556	2	15	11
675	pmid: 22212556	2	15	13
672	pmid: 22212556	4	20	18
672	pmid: 22212556	6	52	16
675	pmid: 22212556	6	52	34
672	pmid: 22212556	9	28	16
675	pmid: 22212556	9	28	26
672	pmid: 22212556	11	27	15
675	pmid: 22212556	11	27	25
672	pmid: 22212556	13	24	20
675	pmid: 22212556	13	24	22
1057	pmid: 22212451	2	13	12
4280	pmid: 22212451	4	51	21
1057	pmid: 22212451	5	40	33
1057	pmid: 22212451	6	40	26
4280	pmid: 22212451	6	40	18
4280	pmid: 22212451	8	28	15
1057	pmid: 22212451	9	40	34
2475	pmid: 22211100	5	37	24
2475	pmid: 22211100	6	25	23
1057	pmid: 22211100	6	25	13
1982	pmid: 22210438	6	25	23
2000	pmid: 22210438	9	30	2
1975	pmid: 22210438	10	20	11
3897	pmid: 22210381	2	17	4
3897	pmid: 22210381	3	29	4
3897	pmid: 22210381	4	30	22
3897	pmid: 22210381	5	26	13
1057	pmid: 22210381	6	30	24
3897	pmid: 22210381	6	30	13
3897	pmid: 22210381	7	40	9
4280	pmid: 22210381	7	40	6
3897	pmid: 22210381	10	47	24
9215	pmid: 22209958	7	22	14
1057	pmid: 22209766	3	34	18
1057	pmid: 22209766	6	53	47
1057	pmid: 22209766	8	26	22
1057	pmid: 22208613	4	30	24
1029	pmid: 22208613	5	66	20
1057	pmid: 22208613	5	66	49
7157	pmid: 22208613	5	66	18
1029	pmid: 22208613	6	26	6
7157	pmid: 22208613	6	26	8
1057	pmid: 22208613	8	10	9
4089	pmid: 22208613	8	10	4
1057	pmid: 22208613	10	27	16
3845	pmid: 22208613	11	35	7
1029	pmid: 22208613	12	20	8
1057	pmid: 22208613	12	20	19
7157	pmid: 22208613	12	20	10
4089	pmid: 22208613	13	39	28
1057	pmid: 22208613	14	22	21
1057	pmid: 22208494	11	29	25
1057	pmid: 22207048	7	8	5
1057	pmid: 22207048	11	7	4
6352	pmid: 22205974	3	20	2
6352	pmid: 22205974	5	36	17
6352	pmid: 22205974	6	19	3
4280	pmid: 22205974	7	25	6
1234	pmid: 22205974	9	19	12
6352	pmid: 22205974	10	29	2
6352	pmid: 22205974	11	24	8
1057	pmid: 22204556	3	24	14
1057	pmid: 22204556	4	32	20
1057	pmid: 22203845	2	14	7
1057	pmid: 22203845	3	16	13
25818	pmid: 22203845	7	27	17
25818	pmid: 22203845	8	15	8
25818	pmid: 22203845	9	22	14
1057	pmid: 22203731	4	22	14
1057	pmid: 22203731	5	21	13
4280	pmid: 22203731	6	26	9
1057	pmid: 22203731	12	19	8
1986	pmid: 22203456	5	27	25
1999	pmid: 22202410	3	38	24
1057	pmid: 22202408	8	23	22
1057	pmid: 22202286	4	16	12
1057	pmid: 22202286	6	13	12
1057	pmid: 22202286	11	28	14
1057	pmid: 22202286	12	15	10
9215	pmid: 22202271	8	15	10
2009	pmid: 22202233	14	22	10
1057	pmid: 22201186	3	27	24
1057	pmid: 22201186	4	20	17
1057	pmid: 22201186	5	29	17
4193	pmid: 22200978	2	14	4
4193	pmid: 22200978	4	13	6
4193	pmid: 22200978	5	54	49
1057	pmid: 22200978	6	37	36
4193	pmid: 22200978	6	37	9
4193	pmid: 22200978	7	18	5
1057	pmid: 22200969	2	23	14
5743	pmid: 22200969	6	19	11
1057	pmid: 22200969	7	30	23
5743	pmid: 22200969	7	30	13
1057	pmid: 22200969	10	10	7
1057	pmid: 22200969	11	11	5
5743	pmid: 22200969	12	19	10
5743	pmid: 22200969	13	16	14
1057	pmid: 22200969	14	24	21
5743	pmid: 22200969	15	27	23
4280	pmid: 22200969	15	27	16
1057	pmid: 22200913	2	13	12
1057	pmid: 22200913	6	27	17
1057	pmid: 22200913	7	17	8
1057	pmid: 22200913	8	14	12
1057	pmid: 22200892	3	21	12
1057	pmid: 22200892	5	28	2
1057	pmid: 22200743	6	23	8
1057	pmid: 22200743	7	45	44
331	pmid: 22200743	8	19	10
1057	pmid: 22200743	8	19	13
1057	pmid: 22200743	9	34	22
1057	pmid: 22200682	2	23	11
1057	pmid: 22200682	5	31	29
1057	pmid: 22200682	6	18	14
1057	pmid: 22200682	19	30	9
4280	pmid: 22200682	23	20	3
1057	pmid: 22200682	24	24	18
2001	pmid: 22200041	5	14	3
1995	pmid: 22200040	5	22	19
55364	pmid: 22199998	4	31	4
1057	pmid: 22198808	4	24	6
1057	pmid: 22198777	7	22	15
2003	pmid: 22197234	4	16	14
9022	pmid: 22197222	2	15	3
57111	pmid: 22197222	3	16	5
1057	pmid: 22197222	6	28	8
9022	pmid: 22197222	8	35	4
2000	pmid: 22196670	6	26	23
9215	pmid: 22194634	6	31	24
2305	pmid: 22194465	7	21	12
2305	pmid: 22194465	8	16	12
1057	pmid: 22194440	7	19	17
1057	pmid: 22194440	10	29	24
1319	pmid: 22194027	11	16	10
9215	pmid: 22194024	10	21	10
9215	pmid: 22194024	11	22	18
55364	pmid: 22194024	14	14	4
1999	pmid: 22192922	6	8	6
1000	pmid: 22192731	6	56	38
10352	pmid: 22191002	4	39	5
10352	pmid: 22191002	5	20	7
10352	pmid: 22191002	6	36	18
10352	pmid: 22191002	7	16	9
10352	pmid: 22191002	9	11	10
10352	pmid: 22191002	10	12	9
10352	pmid: 22191002	13	22	9
10352	pmid: 22191002	14	12	3
10352	pmid: 22191002	15	10	5
596	pmid: 22190866	2	26	25
596	pmid: 22190866	11	28	15
332	pmid: 22190866	11	28	4
1019	pmid: 22190866	12	16	3
1021	pmid: 22190866	12	16	5
596	pmid: 22190866	15	39	28
332	pmid: 22190866	15	39	25
29126	pmid: 22190470	2	18	6
29126	pmid: 22190470	3	33	27
1057	pmid: 22190470	3	33	18
29126	pmid: 22190470	4	14	10
29126	pmid: 22190470	5	18	12
29126	pmid: 22190470	7	34	7
29126	pmid: 22190470	8	31	22
2011	pmid: 22190470	10	5	2
1057	pmid: 22189301	10	25	9
1319	pmid: 22189026	13	20	12
55364	pmid: 22188961	5	26	17
2009	pmid: 22188923	4	21	12
1934	pmid: 22188668	5	24	12
1057	pmid: 22188668	7	46	21
1057	pmid: 22188668	8	22	14
1057	pmid: 22187705	5	17	10
4838	pmid: 22187705	11	13	5
4193	pmid: 22187431	3	22	7
4280	pmid: 22187431	6	39	21
4280	pmid: 22187431	7	27	16
4280	pmid: 22187431	8	26	22
4280	pmid: 22187431	9	29	15
672	pmid: 22187320	2	15	12
675	pmid: 22187320	2	15	14
672	pmid: 22187320	3	39	11
675	pmid: 22187320	3	39	13
672	pmid: 22187320	4	25	9
675	pmid: 22187320	4	25	13
1975	pmid: 22187320	4	25	23
672	pmid: 22187320	6	36	9
675	pmid: 22187320	7	31	2
675	pmid: 22187320	9	22	20
675	pmid: 22187320	10	23	9
9215	pmid: 22187320	11	18	16
2000	pmid: 22187239	6	50	15
1057	pmid: 22187035	7	45	3
1057	pmid: 22187035	8	50	5
55364	pmid: 22186617	4	27	9
1057	pmid: 22183301	6	16	15
1057	pmid: 22183301	7	35	33
55364	pmid: 22183301	9	15	10
1057	pmid: 22183301	9	15	14
1057	pmid: 22183301	12	17	8
2003	pmid: 22182835	4	39	15
2005	pmid: 22182835	4	39	18
5978	pmid: 22182835	4	39	28
5978	pmid: 22182835	20	12	7
2006	pmid: 22180716	4	19	2
3418	pmid: 22180306	2	15	8
207	pmid: 22180306	6	28	22
673	pmid: 22180306	6	28	16
1499	pmid: 22180306	6	28	24
3845	pmid: 22180306	6	28	10
4893	pmid: 22180306	6	28	20
5290	pmid: 22180306	6	28	14
5728	pmid: 22180306	6	28	27
7157	pmid: 22180306	6	28	12
3417	pmid: 22180306	7	35	7
3417	pmid: 22180306	8	18	4
3418	pmid: 22180306	8	18	6
3417	pmid: 22180306	9	38	9
3418	pmid: 22180306	9	38	11
3417	pmid: 22180306	10	21	8
3417	pmid: 22180306	11	12	2
55364	pmid: 22180096	12	22	11
2011	pmid: 22180096	16	5	2
2006	pmid: 22179506	5	21	6
1057	pmid: 22178657	5	77	19
9215	pmid: 22178561	6	25	18
1057	pmid: 22175891	5	30	7
1057	pmid: 22175891	8	24	2
947	pmid: 22174607	7	23	19
51561	pmid: 22174607	12	46	10
51561	pmid: 22174607	13	24	6
1057	pmid: 22173551	4	17	8
4162	pmid: 22173550	7	32	10
664	pmid: 22173550	14	21	12
1057	pmid: 22173495	2	17	15
1057	pmid: 22173495	3	18	7
23705	pmid: 22173495	4	17	4
1057	pmid: 22173495	5	13	12
23705	pmid: 22173495	6	15	4
1057	pmid: 22173495	7	14	10
23705	pmid: 22173495	8	25	5
1057	pmid: 22173495	10	20	15
23705	pmid: 22173495	11	20	7
23705	pmid: 22173495	12	19	6
1057	pmid: 22173493	2	15	8
1057	pmid: 22173493	4	39	20
9429	pmid: 22173493	5	37	29
7248	pmid: 22173120	7	16	7
7249	pmid: 22173120	7	16	9
2001	pmid: 22172900	5	31	10
2010	pmid: 22172900	5	31	12
2001	pmid: 22172900	6	33	5
1057	pmid: 22172501	6	25	23
1057	pmid: 22172501	9	37	25
1057	pmid: 22172501	10	48	34
1057	pmid: 22171596	4	22	21
1057	pmid: 22171596	5	49	40
1057	pmid: 22171596	11	38	37
1057	pmid: 22171596	12	25	24
2862	pmid: 22171148	7	17	5
2862	pmid: 22171148	8	20	7
1057	pmid: 22171124	9	24	23
1057	pmid: 22170433	2	20	19
596	pmid: 22170433	5	38	36
1057	pmid: 22170433	5	38	26
1057	pmid: 22170433	7	12	10
5727	pmid: 22170414	6	17	13
1057	pmid: 22170414	7	17	4
1057	pmid: 22170414	8	14	6
5727	pmid: 22170414	12	30	8
1057	pmid: 22170414	12	30	17
5727	pmid: 22170414	13	22	9
1057	pmid: 22170321	12	15	14
1057	pmid: 22168338	4	26	15
1057	pmid: 22168338	5	37	20
1057	pmid: 22168338	7	22	15
1057	pmid: 22168338	8	31	5
1057	pmid: 22168338	10	19	16
1057	pmid: 22168338	12	26	8
1057	pmid: 22167663	6	41	25
1934	pmid: 22167663	6	41	21
3845	pmid: 22167000	7	32	20
3845	pmid: 22167000	14	37	11
79728	pmid: 22166947	2	20	4
79728	pmid: 22166947	4	19	3
79728	pmid: 22166947	5	45	21
79728	pmid: 22166947	9	11	8
79728	pmid: 22166947	10	34	2
1057	pmid: 22166822	2	10	3
1057	pmid: 22166822	4	12	8
1057	pmid: 22166822	8	19	9
54822	pmid: 22166235	2	18	4
54822	pmid: 22166235	3	17	5
1057	pmid: 22166235	5	11	10
54822	pmid: 22166235	5	11	5
54822	pmid: 22166235	8	25	11
1057	pmid: 22165963	10	20	19
1080	pmid: 22165691	7	29	7
256297	pmid: 22164219	5	41	40
4318	pmid: 22164219	11	21	8
9215	pmid: 22163260	10	22	17
1057	pmid: 22162753	3	16	6
1057	pmid: 22162753	5	21	4
1057	pmid: 22162753	7	15	5
1057	pmid: 22162753	8	19	5
1057	pmid: 22162753	9	17	16
4280	pmid: 22162753	13	9	4
1057	pmid: 22162268	2	15	14
1057	pmid: 22162268	9	18	17
1057	pmid: 22162232	7	17	13
1057	pmid: 22162229	8	28	20
675	pmid: 22162228	8	34	8
9122	pmid: 22162139	10	21	16
2006	pmid: 22160780	4	14	12
1057	pmid: 22160590	6	47	25
1057	pmid: 22159556	4	23	13
1057	pmid: 22159556	5	34	10
1057	pmid: 22159556	6	28	22
1057	pmid: 22159556	7	20	13
1057	pmid: 22159556	11	14	8
1057	pmid: 22159556	12	12	5
596	pmid: 22159556	13	41	20
1057	pmid: 22159556	13	41	40
1057	pmid: 22159556	14	29	12
1057	pmid: 22159447	2	14	12
1057	pmid: 22159447	8	15	6
1057	pmid: 22159447	9	8	6
1057	pmid: 22159447	14	22	17
1057	pmid: 22159401	6	22	19
1057	pmid: 22159401	7	18	17
1057	pmid: 22159329	11	20	4
4280	pmid: 22159228	7	15	2
4280	pmid: 22159228	8	16	6
100129528	pmid: 22159147	4	28	15
94025	pmid: 22159147	5	18	12
94025	pmid: 22159147	6	31	14
1057	pmid: 22159147	8	17	10
94025	pmid: 22159147	8	17	2
94025	pmid: 22159147	9	26	15
1057	pmid: 22158988	8	35	30
54894	pmid: 22158988	10	18	7
1057	pmid: 22158074	3	14	13
1057	pmid: 22158071	5	27	25
1057	pmid: 22158044	4	27	17
4280	pmid: 22158044	7	25	2
4280	pmid: 22157328	5	48	34
4280	pmid: 22157328	6	15	8
1057	pmid: 22157328	7	52	22
1057	pmid: 22157328	10	51	48
1981	pmid: 22156923	5	20	17
4292	pmid: 22156295	2	18	14
1057	pmid: 22156295	4	16	10
1517	pmid: 22156295	6	16	7
1057	pmid: 22156295	9	8	7
4292	pmid: 22156295	10	15	13
4292	pmid: 22156295	11	31	11
1057	pmid: 22156295	11	31	8
4292	pmid: 22156295	12	20	5
1057	pmid: 22156295	12	20	13
4292	pmid: 22156295	13	39	31
1057	pmid: 22156295	13	39	3
7157	pmid: 22156295	13	39	27
4292	pmid: 22156295	14	14	13
1057	pmid: 22156295	14	14	9
4292	pmid: 22156295	16	24	6
2677	pmid: 22155850	8	18	14
2677	pmid: 22155850	9	16	14
2677	pmid: 22155850	10	17	9
2009	pmid: 22155849	5	36	19
1057	pmid: 22153808	7	22	20
2001	pmid: 22151922	4	23	5
6749	pmid: 22151922	13	28	17
1057	pmid: 22147975	2	11	5
1057	pmid: 22147975	6	22	12
9215	pmid: 22147973	3	36	30
4280	pmid: 22147941	5	32	29
1057	pmid: 22147941	15	19	18
1057	pmid: 22147753	4	24	11
3065	pmid: 22147512	2	18	5
3066	pmid: 22147512	2	18	7
1057	pmid: 22147512	4	28	7
1057	pmid: 22147512	5	20	17
1057	pmid: 22147512	7	23	10
1057	pmid: 22147512	8	19	12
3065	pmid: 22147512	10	26	16
3066	pmid: 22147512	10	26	18
1057	pmid: 22147512	11	27	15
1057	pmid: 22147512	13	8	5
1057	pmid: 22147491	5	55	54
2011	pmid: 22147491	7	8	3
7157	pmid: 22146521	2	15	3
7157	pmid: 22146521	3	13	12
7157	pmid: 22146521	4	18	3
7157	pmid: 22146521	5	24	14
1057	pmid: 22146521	6	23	15
7157	pmid: 22146521	6	23	5
7157	pmid: 22146521	7	14	10
7157	pmid: 22146521	8	13	2
7157	pmid: 22146521	9	27	17
7157	pmid: 22146521	10	22	4
7157	pmid: 22146521	11	24	12
1057	pmid: 22144034	3	26	10
2045	pmid: 22143577	8	15	5
27259	pmid: 22143536	2	18	3
27259	pmid: 22143536	4	28	6
27259	pmid: 22143536	6	16	3
27259	pmid: 22143536	8	19	3
27259	pmid: 22143536	10	22	2
27259	pmid: 22143536	11	12	2
27259	pmid: 22143536	14	22	2
27259	pmid: 22143536	15	16	5
27259	pmid: 22143536	16	39	3
1057	pmid: 22143536	16	39	10
27259	pmid: 22143536	17	22	7
80303	pmid: 22142827	3	29	9
112744	pmid: 22142827	11	32	6
112744	pmid: 22142827	12	32	18
5168	pmid: 22142333	2	17	13
54882	pmid: 22142333	5	24	13
1057	pmid: 22140510	3	26	21
4280	pmid: 22140510	6	22	14
2735	pmid: 22140510	9	14	12
2735	pmid: 22140510	10	20	19
2735	pmid: 22140510	12	29	24
1057	pmid: 22140463	2	19	18
3845	pmid: 22140463	2	19	14
4280	pmid: 22140463	2	19	11
3845	pmid: 22140463	3	38	4
4280	pmid: 22140463	4	24	2
4280	pmid: 22140463	5	30	15
1057	pmid: 22140463	6	22	21
7171	pmid: 22140463	6	22	13
1956	pmid: 22139427	2	16	14
1057	pmid: 22139427	6	24	9
1057	pmid: 22139427	8	25	20
1978	pmid: 22139427	9	34	17
1956	pmid: 22139427	10	9	6
1956	pmid: 22139427	11	13	11
2004	pmid: 22138761	4	26	2
9215	pmid: 22138761	7	22	10
80315	pmid: 22138752	6	40	12
4221	pmid: 22136834	2	15	4
4221	pmid: 22136834	4	13	3
4221	pmid: 22136834	6	17	8
6755	pmid: 22136833	2	12	11
6755	pmid: 22136833	3	25	14
6755	pmid: 22136833	4	25	24
6755	pmid: 22136833	5	30	8
6755	pmid: 22136833	7	19	5
6755	pmid: 22136833	8	12	11
6755	pmid: 22136833	9	34	30
6755	pmid: 22136833	10	25	3
6755	pmid: 22136833	11	32	20
1962	pmid: 22136832	4	10	8
1956	pmid: 22135123	2	18	13
1057	pmid: 22135123	7	36	17
9215	pmid: 22135123	7	36	9
1057	pmid: 22135123	8	20	18
1057	pmid: 22135077	3	23	22
1956	pmid: 22134789	2	18	11
1956	pmid: 22134789	5	33	18
1057	pmid: 22134789	7	24	23
1057	pmid: 22134789	8	21	10
1956	pmid: 22134789	9	23	11
1956	pmid: 22134789	10	22	16
1956	pmid: 22134789	11	47	20
1057	pmid: 22134718	3	39	23
4280	pmid: 22134718	5	31	12
1057	pmid: 22134718	11	29	3
1995	pmid: 22134629	4	23	21
1973	pmid: 22134518	6	12	8
9215	pmid: 22134518	12	21	12
1111	pmid: 22134241	2	15	13
1111	pmid: 22134241	3	34	27
142	pmid: 22134241	4	16	2
1111	pmid: 22134241	5	27	10
142	pmid: 22134241	5	27	14
1057	pmid: 22134241	6	27	7
1057	pmid: 22134241	8	27	26
1111	pmid: 22134241	12	18	8
142	pmid: 22134241	12	18	10
1111	pmid: 22134241	13	32	10
4280	pmid: 22134116	12	5	2
9215	pmid: 22134116	18	19	12
1057	pmid: 22133881	3	17	11
1057	pmid: 22132974	5	19	17
1057	pmid: 22132131	5	31	29
4280	pmid: 22132131	7	20	3
4280	pmid: 22132131	9	18	2
596	pmid: 22132131	11	23	17
596	pmid: 22132131	14	17	12
1057	pmid: 22132131	15	12	8
1057	pmid: 22132114	9	25	20
1057	pmid: 22132114	11	42	18
4838	pmid: 22131088	2	17	8
4838	pmid: 22131088	4	26	22
2009	pmid: 22131088	5	29	6
4838	pmid: 22131088	6	39	20
4838	pmid: 22131088	14	15	7
1057	pmid: 22130069	2	14	10
4089	pmid: 22130069	2	14	6
1057	pmid: 22130069	4	47	46
4089	pmid: 22130069	4	47	27
6749	pmid: 22130069	4	47	4
1057	pmid: 22130069	6	18	13
4089	pmid: 22130069	6	18	8
4089	pmid: 22130069	8	10	2
5585	pmid: 22130069	9	15	11
1057	pmid: 22130069	10	27	23
4089	pmid: 22130069	10	27	20
5585	pmid: 22130069	10	27	26
1057	pmid: 22130069	11	24	14
4089	pmid: 22130069	11	24	8
5395	pmid: 22129180	9	16	8
5395	pmid: 22129180	11	14	10
4292	pmid: 22129180	13	17	10
5395	pmid: 22129180	13	17	16
2475	pmid: 22128312	4	12	4
2475	pmid: 22128312	6	37	2
1057	pmid: 22128300	6	18	10
3845	pmid: 22128300	11	13	8
7157	pmid: 22128300	11	13	6
1057	pmid: 22128300	13	21	15
1057	pmid: 22128285	3	23	19
1057	pmid: 22128285	4	52	37
2003	pmid: 22127781	4	19	9
2011	pmid: 22127781	4	19	11
3845	pmid: 22127206	2	15	12
7171	pmid: 22127206	2	15	13
3845	pmid: 22127206	3	20	2
1057	pmid: 22127206	4	20	19
1057	pmid: 22127206	5	18	12
3845	pmid: 22127206	5	18	10
1956	pmid: 22127113	3	18	12
1057	pmid: 22127113	5	45	32
1956	pmid: 22127113	5	45	6
1956	pmid: 22127113	6	35	12
1956	pmid: 22127113	7	18	14
55364	pmid: 22127113	8	42	35
1956	pmid: 22127113	8	42	13
6749	pmid: 22126293	6	35	19
55364	pmid: 22125638	8	28	22
1277	pmid: 22125638	9	17	15
2494	pmid: 22125638	12	18	6
2011	pmid: 22125185	12	8	3
6194	pmid: 22125066	2	10	9
1057	pmid: 22125066	3	17	13
2475	pmid: 22125066	5	34	15
1057	pmid: 22125066	6	26	9
2475	pmid: 22125066	8	27	3
1057	pmid: 22125026	2	10	9
1057	pmid: 22125026	3	36	34
1057	pmid: 22125026	6	46	26
11335	pmid: 22123527	6	30	23
9215	pmid: 22123505	5	21	13
4838	pmid: 22123160	10	25	2
4838	pmid: 22123160	11	43	26
4838	pmid: 22123160	12	32	4
2011	pmid: 22121010	18	8	3
9592	pmid: 22120713	2	19	5
1057	pmid: 22120713	2	19	8
1057	pmid: 22120713	3	18	17
1057	pmid: 22120713	4	22	19
9592	pmid: 22120713	5	18	3
9592	pmid: 22120713	6	18	3
9592	pmid: 22120713	7	26	11
9592	pmid: 22120713	8	17	3
9592	pmid: 22120713	9	14	5
9592	pmid: 22120713	11	39	21
55364	pmid: 22120667	5	15	7
4280	pmid: 22120667	6	37	2
1111	pmid: 22120667	7	10	2
55364	pmid: 22120667	9	24	3
7171	pmid: 22119988	4	22	17
1057	pmid: 22119988	6	22	12
1057	pmid: 22119145	4	37	23
7852	pmid: 22119145	7	15	14
1057	pmid: 22118662	4	29	10
1057	pmid: 22118662	6	21	10
1057	pmid: 22118662	10	37	18
10131	pmid: 22116673	2	19	9
1057	pmid: 22116673	5	32	31
10131	pmid: 22116673	8	31	17
10131	pmid: 22116673	9	20	9
1057	pmid: 22116540	6	33	26
1057	pmid: 22116540	7	29	23
1956	pmid: 22116519	6	77	44
1057	pmid: 22115979	6	36	31
1728	pmid: 22115979	11	27	21
1057	pmid: 22115911	2	10	9
2001	pmid: 22115568	4	16	13
4280	pmid: 22114719	4	33	5
4280	pmid: 22114719	6	35	8
1057	pmid: 22114719	7	51	48
9644	pmid: 22114139	5	33	9
2003	pmid: 22114136	5	33	27
4280	pmid: 22113584	5	33	26
3845	pmid: 22113502	2	17	7
3845	pmid: 22113502	3	17	11
4280	pmid: 22113502	5	26	4
3845	pmid: 22113502	7	31	21
3845	pmid: 22113502	8	10	7
1057	pmid: 22113502	9	50	7
3845	pmid: 22113502	9	50	40
4280	pmid: 22113502	9	50	16
3845	pmid: 22113502	10	27	23
3845	pmid: 22113502	11	23	22
1057	pmid: 22113313	2	18	13
1057	pmid: 22113313	6	24	23
9215	pmid: 22113313	7	30	9
4280	pmid: 22113313	7	30	7
1057	pmid: 22113313	8	19	6
4089	pmid: 22112419	2	24	15
100129528	pmid: 22112419	4	25	22
4583	pmid: 22112419	9	25	21
4583	pmid: 22112419	13	23	6
55364	pmid: 22112418	4	8	4
55364	pmid: 22112418	7	20	9
9215	pmid: 22112418	12	18	3
1057	pmid: 22112292	2	13	9
1057	pmid: 22112292	4	54	51
2005	pmid: 22112292	4	54	28
1057	pmid: 22111082	2	18	17
1057	pmid: 22111082	3	24	4
100133941	pmid: 22111082	4	23	14
1057	pmid: 22111082	4	23	9
100133941	pmid: 22111082	5	23	20
1057	pmid: 22111082	5	23	4
1057	pmid: 22111082	7	18	2
100133941	pmid: 22111082	8	15	11
960	pmid: 22111082	8	15	7
4280	pmid: 22111082	9	29	8
4280	pmid: 22111082	12	14	11
1057	pmid: 22111082	13	13	12
100133941	pmid: 22111082	14	31	13
960	pmid: 22111082	14	31	11
1057	pmid: 22111082	14	31	24
1057	pmid: 22110842	7	28	20
25800	pmid: 22110740	5	25	21
25800	pmid: 22110740	6	16	12
25800	pmid: 22110740	7	19	8
25800	pmid: 22110740	8	24	7
25800	pmid: 22110740	12	26	5
1786	pmid: 22110720	2	13	3
1788	pmid: 22110720	2	13	5
2735	pmid: 22110720	2	13	9
2735	pmid: 22110720	5	11	9
2735	pmid: 22110720	6	19	3
2735	pmid: 22110720	8	13	2
2735	pmid: 22110720	9	12	9
2735	pmid: 22110720	10	18	16
1786	pmid: 22110720	11	23	8
1788	pmid: 22110720	11	23	10
1786	pmid: 22110720	12	31	16
1788	pmid: 22110720	12	31	18
2735	pmid: 22110720	12	31	2
1786	pmid: 22110720	13	35	19
1788	pmid: 22110720	13	35	21
2735	pmid: 22110720	13	35	8
1786	pmid: 22110720	14	31	17
1788	pmid: 22110720	14	31	19
2735	pmid: 22110720	14	31	5
1786	pmid: 22110720	15	12	8
2735	pmid: 22110720	15	12	4
2735	pmid: 22110720	16	19	6
1786	pmid: 22110720	17	16	11
1788	pmid: 22110720	17	16	3
2735	pmid: 22110720	17	16	7
1057	pmid: 22110279	5	21	16
1057	pmid: 22110279	6	17	8
1057	pmid: 22110279	12	12	8
1057	pmid: 22110279	17	19	18
1057	pmid: 22110277	4	16	13
1057	pmid: 22110277	5	25	3
1057	pmid: 22110277	7	15	14
1057	pmid: 22110277	8	18	3
1057	pmid: 22110277	10	19	5
2001	pmid: 22110205	5	19	8
1057	pmid: 22110196	7	15	8
1057	pmid: 22110196	11	14	12
1057	pmid: 22110196	14	12	4
1057	pmid: 22110196	16	14	8
1057	pmid: 22109853	2	20	19
1057	pmid: 22109853	4	32	30
122953	pmid: 22109562	2	16	4
1057	pmid: 22109562	2	16	15
122953	pmid: 22109562	6	42	37
1057	pmid: 22109562	6	42	30
122953	pmid: 22109562	7	41	34
1057	pmid: 22109562	8	45	15
1057	pmid: 22109562	9	20	19
2353	pmid: 22109562	10	33	5
2354	pmid: 22109562	10	33	5
3725	pmid: 22109562	10	33	5
10535	pmid: 22109562	10	33	5
3727	pmid: 22109562	10	33	5
1057	pmid: 22109279	7	27	13
136541	pmid: 22109105	6	25	17
136541	pmid: 22109105	8	12	6
136541	pmid: 22109105	10	24	7
136541	pmid: 22109105	13	16	3
1057	pmid: 22108826	3	19	17
1057	pmid: 22108826	6	21	12
1057	pmid: 22108826	8	23	19
388112	pmid: 22108826	9	37	29
4280	pmid: 22107757	7	36	12
10541	pmid: 22107748	8	11	3
1992	pmid: 22107748	8	11	4
8741	pmid: 22107748	8	11	3
1000	pmid: 22106322	12	22	21
1998	pmid: 22106320	8	21	19
4280	pmid: 22105852	2	15	6
2475	pmid: 22105852	3	15	6
1057	pmid: 22105852	7	29	25
1934	pmid: 22105852	7	29	24
4280	pmid: 22105852	7	29	7
9215	pmid: 22105367	3	27	4
4585	pmid: 22105367	4	19	10
4811	pmid: 22105367	5	34	22
4585	pmid: 22105367	6	16	4
4585	pmid: 22105367	7	34	31
4585	pmid: 22105367	8	30	24
1057	pmid: 22105367	9	15	11
4280	pmid: 22105367	10	32	8
4585	pmid: 22105367	12	14	6
331	pmid: 22104728	2	16	6
1057	pmid: 22104728	4	47	45
331	pmid: 22104728	5	21	5
1057	pmid: 22104728	7	13	11
6507	pmid: 22104574	4	23	18
9215	pmid: 22104574	9	36	4
1057	pmid: 22103494	4	33	15
1057	pmid: 22102578	2	13	12
1057	pmid: 22102578	3	30	14
1057	pmid: 22102578	4	32	31
1057	pmid: 22102578	5	36	35
1057	pmid: 22102578	6	39	38
1057	pmid: 22101587	2	12	4
1057	pmid: 22101587	3	23	2
1057	pmid: 22101587	4	12	8
1057	pmid: 22101587	5	24	16
1057	pmid: 22100984	10	17	11
5156	pmid: 22100984	11	16	5
1934	pmid: 22100174	2	14	6
1934	pmid: 22100174	3	27	4
1057	pmid: 22100174	5	14	13
596	pmid: 22100174	6	16	3
2009	pmid: 22099799	7	19	16
1057	pmid: 22099584	2	16	13
1057	pmid: 22099584	3	24	21
1057	pmid: 22099584	5	35	31
1057	pmid: 22099584	9	13	12
1057	pmid: 22099584	12	12	11
4072	pmid: 22096026	4	31	20
1057	pmid: 22096026	5	27	17
1057	pmid: 22096026	6	26	3
80321	pmid: 22096026	10	25	16
4838	pmid: 22095667	8	24	15
2011	pmid: 22095667	13	6	3
3897	pmid: 22095073	2	10	9
3897	pmid: 22095073	5	44	23
3897	pmid: 22095073	6	22	9
3897	pmid: 22095073	11	25	8
4280	pmid: 22095073	11	25	5
3897	pmid: 22095073	12	29	14
55364	pmid: 22091441	3	33	2
1995	pmid: 22088817	4	23	19
2010	pmid: 22088817	4	23	21
55364	pmid: 22088810	3	20	3
1991	pmid: 22088810	4	66	46
2001	pmid: 22088810	4	66	64
1057	pmid: 22087285	2	13	10
1057	pmid: 22087285	7	16	12
1057	pmid: 22087285	8	23	5
596	pmid: 22087285	10	18	2
1057	pmid: 22087285	11	25	13
2735	pmid: 22087285	11	25	4
2736	pmid: 22087285	11	25	6
596	pmid: 22087285	12	20	14
1057	pmid: 22087285	12	20	19
1057	pmid: 22087246	2	17	6
9215	pmid: 22087246	3	29	8
1057	pmid: 22087246	5	29	16
1057	pmid: 22087246	6	31	21
1956	pmid: 22087246	7	26	4
1057	pmid: 22087246	8	21	10
1057	pmid: 22086925	6	28	21
1057	pmid: 22086925	10	14	13
1057	pmid: 22086925	11	48	42
1057	pmid: 22086883	3	12	11
9215	pmid: 22086883	15	21	5
3845	pmid: 22086851	4	29	28
2735	pmid: 22086851	5	20	17
1057	pmid: 22086851	6	22	11
2735	pmid: 22086851	6	22	4
2735	pmid: 22086851	8	19	6
2735	pmid: 22086851	9	35	24
1057	pmid: 22086681	2	19	3
1057	pmid: 22086681	5	39	14
1057	pmid: 22086681	6	27	7
388112	pmid: 22086681	7	35	11
4072	pmid: 22086681	8	21	17
1956	pmid: 22086503	5	18	6
1956	pmid: 22086503	7	24	8
1956	pmid: 22086503	12	56	53
1956	pmid: 22086503	13	17	2
2011	pmid: 22086503	15	5	2
1057	pmid: 22084165	7	21	13
4280	pmid: 22084065	3	14	4
3845	pmid: 22083596	6	22	17
7980	pmid: 22083596	11	33	21
3845	pmid: 22083596	12	11	7
651	pmid: 22083596	14	18	5
3845	pmid: 22083596	14	18	12
651	pmid: 22083596	17	13	8
651	pmid: 22083596	18	13	3
3845	pmid: 22083596	18	13	6
2011	pmid: 22083596	20	5	2
100129528	pmid: 22082608	5	16	15
1057	pmid: 22082308	3	56	23
6774	pmid: 22082308	11	31	4
6293	pmid: 22081925	7	16	4
2001	pmid: 22081923	6	13	9
2010	pmid: 22081923	6	13	11
4838	pmid: 22081923	11	23	8
1504	pmid: 22081483	8	30	20
6286	pmid: 22081483	11	43	3
2012	pmid: 22081483	14	10	3
9215	pmid: 22081011	3	26	17
9215	pmid: 22080849	2	22	12
9215	pmid: 22080849	4	26	16
1203	pmid: 22080849	5	27	2
4221	pmid: 22080849	6	11	9
1990	pmid: 22080849	10	16	10
4221	pmid: 22080849	11	15	12
1057	pmid: 22080430	7	36	15
1057	pmid: 22080430	9	22	12
1057	pmid: 22080430	14	18	6
4773	pmid: 22079596	2	13	5
1057	pmid: 22079596	8	22	18
4773	pmid: 22079596	8	22	6
4773	pmid: 22079596	9	14	4
4773	pmid: 22079596	11	30	4
4773	pmid: 22079596	13	19	9
1612	pmid: 22078386	14	21	12
9020	pmid: 22078386	14	21	10
1998	pmid: 22076669	5	16	13
1030	pmid: 22076669	10	14	12
1057	pmid: 22076649	2	17	9
1057	pmid: 22076649	5	20	11
1057	pmid: 22076649	6	22	2
1057	pmid: 22076649	7	31	30
1057	pmid: 22076649	8	43	42
1057	pmid: 22076649	9	28	10
1994	pmid: 22076564	8	8	2
55364	pmid: 22076564	12	20	17
1057	pmid: 22076497	5	24	14
1057	pmid: 22076497	6	8	7
1057	pmid: 22076497	9	23	16
2006	pmid: 22076067	4	30	2
2010	pmid: 22076067	6	32	17
51147	pmid: 22075380	5	20	11
51147	pmid: 22075380	6	24	8
1057	pmid: 22075380	6	24	18
1057	pmid: 22072879	6	28	26
960	pmid: 22072879	7	24	10
1057	pmid: 22072879	7	24	17
960	pmid: 22072879	8	20	11
1057	pmid: 22072879	13	14	13
2572	pmid: 22072614	8	26	5
55364	pmid: 22072614	12	34	11
81620	pmid: 22072567	10	18	4
7465	pmid: 22072567	10	18	6
55364	pmid: 22072244	3	20	15
55364	pmid: 22072244	6	32	30
596	pmid: 22069448	2	22	12
6678	pmid: 22069448	2	22	4
6678	pmid: 22069448	5	29	9
6678	pmid: 22069448	6	39	10
1057	pmid: 22069448	7	29	11
1057	pmid: 22069448	8	28	12
596	pmid: 22069448	9	25	22
6678	pmid: 22069448	10	35	18
596	pmid: 22069448	11	25	9
6678	pmid: 22069448	12	23	4
2006	pmid: 22068173	4	23	10
1086	pmid: 22067331	2	17	15
1086	pmid: 22067331	5	37	14
5629	pmid: 22067331	5	37	33
5629	pmid: 22067331	6	19	4
1057	pmid: 22067331	8	27	15
5629	pmid: 22067331	10	11	3
947	pmid: 22067331	12	8	7
5629	pmid: 22067331	17	27	4
5629	pmid: 22067331	18	26	3
5629	pmid: 22067331	19	21	15
5629	pmid: 22067331	20	14	2
55364	pmid: 22066465	4	15	8
55364	pmid: 22066465	15	22	19
1057	pmid: 22066019	7	31	12
94025	pmid: 22066010	2	8	4
94025	pmid: 22066010	4	32	2
94025	pmid: 22066010	5	29	12
94025	pmid: 22066010	6	24	22
1057	pmid: 22066010	10	11	10
94025	pmid: 22066010	10	11	2
1057	pmid: 22066010	14	24	6
94025	pmid: 22066010	15	24	6
1057	pmid: 22065721	2	13	11
1057	pmid: 22065721	6	24	18
1057	pmid: 22065721	8	40	21
1057	pmid: 22065595	7	31	15
2000	pmid: 22065319	7	12	10
2004	pmid: 22065318	4	16	12
1057	pmid: 22064683	11	20	16
1057	pmid: 22064652	6	39	26
1057	pmid: 22064652	7	29	26
8754	pmid: 22064652	8	20	7
8754	pmid: 22064652	9	15	7
8754	pmid: 22064652	10	24	8
2243	pmid: 22064622	10	18	10
2621	pmid: 22036026	5	31	14
3454	pmid: 22036026	5	31	25
1057	pmid: 22036026	14	67	17
2621	pmid: 22036026	16	29	19
3454	pmid: 22036026	16	29	21
1057	pmid: 22057918	6	67	56
29916	pmid: 22057918	10	5	3
10536	pmid: 22057918	11	8	3
1057	pmid: 22057918	14	8	7
2001	pmid: 22057240	5	20	8
2010	pmid: 22057240	5	20	11
55364	pmid: 22057240	13	15	12
9215	pmid: 22056954	3	24	12
9215	pmid: 22056954	5	51	15
9215	pmid: 22056954	6	30	4
9215	pmid: 22056954	9	31	11
7171	pmid: 22056954	11	11	2
9215	pmid: 22056954	13	30	15
1057	pmid: 22056873	9	46	45
3845	pmid: 22056382	3	13	12
1057	pmid: 22056382	11	31	18
1057	pmid: 22056140	3	17	16
4838	pmid: 22056140	4	14	5
4838	pmid: 22056140	5	29	24
1057	pmid: 22056131	2	11	10
1057	pmid: 22056131	4	10	5
1991	pmid: 22055585	5	18	16
1991	pmid: 22055585	13	15	13
1057	pmid: 22053213	2	14	11
1057	pmid: 22053213	6	15	14
1956	pmid: 22053213	10	14	9
1956	pmid: 22053213	13	12	11
1057	pmid: 22053213	14	23	22
1057	pmid: 22053213	15	17	14
1956	pmid: 22053213	16	18	16
1991	pmid: 22052986	4	15	10
1057	pmid: 22052311	5	17	6
3845	pmid: 22052106	4	24	2
3845	pmid: 22052106	5	29	25
101669765	pmid: 22052106	5	29	12
4280	pmid: 22052106	6	21	11
101669765	pmid: 22052106	6	21	19
4280	pmid: 22052106	7	26	14
101669765	pmid: 22052106	7	26	24
101669765	pmid: 22052106	8	12	10
4280	pmid: 22052106	9	25	11
101669765	pmid: 22052106	9	25	23
4280	pmid: 22052106	10	37	17
101669765	pmid: 22052106	10	37	35
4280	pmid: 22052106	11	17	11
101669765	pmid: 22052106	11	17	9
101669765	pmid: 22052106	12	21	3
9215	pmid: 22052063	5	39	19
1057	pmid: 22051278	2	12	10
1057	pmid: 22051278	3	36	14
2005	pmid: 22051278	5	29	26
1057	pmid: 22050994	11	19	15
1995	pmid: 22050964	4	25	23
1057	pmid: 22050456	3	35	14
1057	pmid: 22050456	4	35	32
9215	pmid: 22050456	4	35	14
1057	pmid: 22049925	3	18	14
1057	pmid: 22049925	6	19	11
1057	pmid: 22049079	2	15	13
1057	pmid: 22049079	7	20	4
6383	pmid: 22049079	8	39	15
1057	pmid: 22049060	6	13	9
1057	pmid: 22049060	9	24	5
1057	pmid: 22048257	2	9	4
1057	pmid: 22048257	5	28	27
1057	pmid: 22048257	7	26	25
1995	pmid: 22047824	4	40	26
1999	pmid: 22047824	4	40	28
9215	pmid: 22047824	4	40	31
11335	pmid: 22047375	17	34	15
55364	pmid: 22047375	19	25	20
1105	pmid: 22046413	9	39	20
1769	pmid: 22046413	9	39	26
1105	pmid: 22046413	10	20	10
1105	pmid: 22046413	11	21	5
4838	pmid: 22046095	4	45	22
4838	pmid: 22046095	6	29	28
1057	pmid: 22045191	2	17	13
3845	pmid: 22045191	4	20	3
1956	pmid: 22045191	4	20	19
1057	pmid: 22045191	5	21	4
1956	pmid: 22045191	5	21	20
1057	pmid: 22045191	6	22	13
1956	pmid: 22045191	6	22	9
1956	pmid: 22045191	8	9	4
1057	pmid: 22045190	6	32	31
1057	pmid: 22045190	9	25	17
1057	pmid: 22044796	6	23	22
1057	pmid: 22044796	8	27	26
1057	pmid: 22044796	11	20	8
1057	pmid: 22044796	12	24	17
1057	pmid: 22044669	2	14	9
1057	pmid: 22044669	5	28	8
23239	pmid: 22044669	6	19	6
1057	pmid: 22044669	6	19	18
23239	pmid: 22044669	8	14	6
50507	pmid: 22044669	10	18	12
208	pmid: 22044669	12	14	10
208	pmid: 22044669	13	26	11
1057	pmid: 22043941	5	11	10
1057	pmid: 22043941	6	35	34
6749	pmid: 22043817	3	20	7
1057	pmid: 22042785	2	15	2
1057	pmid: 22042785	3	18	2
2000	pmid: 22042785	6	23	8
2011	pmid: 22042785	6	23	11
672	pmid: 22042785	12	24	22
1057	pmid: 22042473	2	24	23
1057	pmid: 22042473	3	20	19
1057	pmid: 22042473	4	34	20
1057	pmid: 22042473	5	26	12
1057	pmid: 22042473	10	41	17
4280	pmid: 22042473	10	41	21
1057	pmid: 22042473	11	25	24
4280	pmid: 22042469	8	19	6
6352	pmid: 22042469	9	29	28
4280	pmid: 22042469	10	19	8
6352	pmid: 22042469	12	22	16
6352	pmid: 22042469	15	21	15
1057	pmid: 22042419	7	32	30
1057	pmid: 22042419	8	41	11
1057	pmid: 22042419	9	20	16
1057	pmid: 22042419	11	33	11
1057	pmid: 22042419	12	19	18
1057	pmid: 22042419	13	13	12
2001	pmid: 22042212	5	20	3
5978	pmid: 22042212	14	60	42
5978	pmid: 22042212	15	45	27
1057	pmid: 22041920	5	20	12
1057	pmid: 22041920	13	36	21
100129528	pmid: 22041919	7	17	16
5290	pmid: 22041919	8	19	6
3845	pmid: 22041919	11	33	9
3845	pmid: 22041919	12	8	4
3845	pmid: 22041919	15	26	3
1057	pmid: 22041584	2	16	5
1057	pmid: 22041584	5	26	17
1057	pmid: 22041584	8	16	6
1057	pmid: 22041584	11	20	19
1057	pmid: 22041584	12	19	15
9215	pmid: 22041170	8	26	2
55364	pmid: 22040762	15	9	6
5743	pmid: 22039326	5	14	4
5743	pmid: 22039326	7	25	10
5743	pmid: 22039326	8	26	13
5743	pmid: 22039326	9	20	8
5743	pmid: 22039326	11	19	8
1423	pmid: 22039095	6	37	33
1950	pmid: 22039095	6	37	8
1978	pmid: 22039095	6	37	10
5045	pmid: 22038627	2	17	11
5045	pmid: 22038627	5	18	4
5045	pmid: 22038627	6	28	6
5045	pmid: 22038627	7	21	14
5045	pmid: 22038627	8	13	11
5045	pmid: 22038627	10	10	6
5045	pmid: 22038627	11	12	3
1998	pmid: 22038501	5	42	8
2000	pmid: 22038501	6	27	4
5728	pmid: 22036936	2	18	4
5728	pmid: 22036936	3	34	21
5728	pmid: 22036936	6	15	3
5728	pmid: 22036936	8	19	3
5728	pmid: 22036936	10	27	26
5728	pmid: 22036936	11	23	9
5728	pmid: 22036936	12	19	5
1057	pmid: 22036895	2	15	14
1057	pmid: 22036895	6	21	20
1991	pmid: 22036462	6	17	13
2010	pmid: 22036462	6	17	15
2195	pmid: 22034634	9	12	8
9215	pmid: 22034634	12	16	14
672	pmid: 22034435	4	20	2
4280	pmid: 22034435	5	13	7
672	pmid: 22034435	6	27	17
672	pmid: 22034435	7	26	17
672	pmid: 22034435	8	16	14
2000	pmid: 22033701	6	13	10
1057	pmid: 22029859	5	41	16
1057	pmid: 22029859	6	19	9
1057	pmid: 22029859	8	16	2
1057	pmid: 22029859	10	30	17
1057	pmid: 22029859	13	26	25
1057	pmid: 22028818	7	22	10
1057	pmid: 22028818	9	25	11
387	pmid: 22028818	10	54	44
1057	pmid: 22028818	10	54	33
387	pmid: 22028818	11	29	5
1057	pmid: 22028818	12	20	10
387	pmid: 22028818	13	26	15
1057	pmid: 22028623	2	21	8
1057	pmid: 22028623	4	33	18
1057	pmid: 22028623	6	31	4
1057	pmid: 22028623	7	15	10
1057	pmid: 22028623	11	18	17
1057	pmid: 22028623	12	29	16
9215	pmid: 22028623	12	29	28
4162	pmid: 22028623	12	29	10
1057	pmid: 22028623	13	22	4
1057	pmid: 22028618	4	27	17
2736	pmid: 22028618	4	27	24
1057	pmid: 22028618	7	26	5
4280	pmid: 22028618	7	26	17
4280	pmid: 22028618	8	24	6
1057	pmid: 22028587	2	19	11
1057	pmid: 22028587	6	36	30
1769	pmid: 22028587	7	35	33
2011	pmid: 22028089	15	5	2
1057	pmid: 22027695	4	27	3
2735	pmid: 22027695	5	40	31
100129528	pmid: 22027689	2	5	2
56667	pmid: 22027689	5	14	10
56667	pmid: 22027689	6	22	5
56667	pmid: 22027689	7	18	4
1057	pmid: 22027689	8	17	13
56667	pmid: 22027689	8	17	9
1057	pmid: 22027689	9	25	11
56667	pmid: 22027689	10	20	2
56667	pmid: 22027689	12	30	4
56667	pmid: 22027689	14	21	7
7515	pmid: 22026922	5	18	10
1057	pmid: 22025561	5	18	14
1057	pmid: 22025561	6	38	25
3845	pmid: 22025163	14	34	8
1057	pmid: 22024988	3	18	16
1057	pmid: 22024988	7	34	19
4280	pmid: 22024988	7	34	2
1057	pmid: 22024988	9	14	10
1057	pmid: 22024988	13	25	9
1995	pmid: 22024966	5	23	20
2000	pmid: 22024761	5	13	2
9215	pmid: 22024662	14	54	38
1057	pmid: 22024222	8	31	10
1057	pmid: 22022519	3	25	11
4280	pmid: 22022519	6	18	10
4280	pmid: 22022519	11	15	9
1057	pmid: 22022519	13	22	17
1057	pmid: 22022519	14	29	4
2670	pmid: 22022519	14	29	9
5087	pmid: 22022519	14	29	7
55364	pmid: 22021518	13	21	18
9215	pmid: 22021503	3	34	26
100129528	pmid: 22021503	3	34	29
2005	pmid: 22020923	4	27	25
2011	pmid: 22020923	15	5	2
1057	pmid: 22020918	9	12	10
4292	pmid: 22020914	11	18	2
1057	pmid: 22020907	2	16	5
1057	pmid: 22020907	6	24	8
1057	pmid: 22020907	8	16	11
1057	pmid: 22020907	13	19	7
1057	pmid: 22020429	5	24	6
2004	pmid: 22019795	7	24	21
1057	pmid: 22019693	5	21	17
1057	pmid: 22019693	6	24	17
2010	pmid: 22018953	4	11	4
1057	pmid: 22018284	6	33	24
1057	pmid: 22018284	9	25	21
9215	pmid: 22018284	9	25	14
1057	pmid: 22018284	10	21	7
389	pmid: 22016776	11	15	7
4280	pmid: 22016776	13	36	26
3039	pmid: 22016776	14	19	17
5175	pmid: 22016776	14	19	17
1057	pmid: 22016596	2	17	3
1057	pmid: 22016596	4	12	3
1057	pmid: 22016596	13	13	10
1057	pmid: 22016596	14	16	6
1027	pmid: 22016467	8	43	8
1031	pmid: 22016467	8	43	11
2005	pmid: 22015974	5	29	24
2009	pmid: 22015974	5	29	27
4586	pmid: 22015974	10	12	4
1994	pmid: 22015968	4	21	19
11183	pmid: 22015968	9	22	8
1057	pmid: 22015691	3	23	22
1057	pmid: 22015691	8	40	30
1999	pmid: 22015618	7	36	13
2010	pmid: 22015618	7	36	16
1057	pmid: 22014283	7	25	22
4280	pmid: 22014283	10	21	9
1057	pmid: 22014215	6	20	18
1057	pmid: 22014028	6	20	15
1057	pmid: 22014028	11	34	18
1973	pmid: 22012608	5	15	13
4280	pmid: 22010213	6	14	11
387934	pmid: 22010213	7	15	13
387934	pmid: 22010213	8	21	3
387934	pmid: 22010213	9	21	8
1382	pmid: 22010213	9	21	2
1382	pmid: 22010213	11	28	26
387934	pmid: 22010213	12	31	23
55364	pmid: 22009668	2	18	12
9215	pmid: 22009668	4	36	21
9215	pmid: 22009668	11	18	15
9215	pmid: 22009668	13	27	25
53826	pmid: 22008078	3	19	6
53826	pmid: 22008078	4	8	6
53826	pmid: 22008078	5	32	27
1057	pmid: 22008078	6	15	5
53826	pmid: 22008078	6	15	13
53826	pmid: 22008078	7	9	6
4280	pmid: 22008078	7	9	2
53826	pmid: 22008078	10	13	11
53826	pmid: 22008078	12	10	3
1057	pmid: 22008078	13	15	7
53826	pmid: 22008078	13	15	10
53826	pmid: 22008078	14	14	5
1057	pmid: 22008078	15	29	10
53826	pmid: 22008078	15	29	4
1544	pmid: 22006857	6	31	27
1544	pmid: 22006857	7	42	17
1544	pmid: 22006857	8	31	8
1057	pmid: 22006099	9	18	14
4280	pmid: 22006099	9	18	9
4280	pmid: 22006099	13	20	6
2011	pmid: 22006099	17	5	2
1057	pmid: 22005518	6	23	17
4280	pmid: 22005518	8	21	13
1057	pmid: 22004570	7	17	7
1057	pmid: 22004570	13	22	12
4280	pmid: 22004570	13	22	17
1057	pmid: 22004570	14	20	13
1057	pmid: 22004570	15	20	18
55364	pmid: 22004109	5	23	12
7157	pmid: 22004109	9	24	19
1057	pmid: 22004109	12	15	9
1057	pmid: 22003875	6	27	17
1057	pmid: 22003875	7	22	14
9215	pmid: 22002291	6	21	9
2006	pmid: 22002273	5	12	3
55364	pmid: 22001830	7	12	8
55364	pmid: 22001830	9	37	7
55364	pmid: 22000199	16	22	5
2004	pmid: 22000171	6	24	3
1057	pmid: 21999932	6	9	5
1057	pmid: 21999932	9	40	12
1057	pmid: 21999932	10	21	14
1057	pmid: 21999932	11	15	2
5290	pmid: 21998291	3	39	20
2475	pmid: 21998291	4	28	22
1057	pmid: 21998291	4	28	12
2475	pmid: 21998291	5	24	16
673	pmid: 21998291	7	39	35
1057	pmid: 21998291	7	39	11
3845	pmid: 21998291	7	39	33
2475	pmid: 21998291	8	36	17
1057	pmid: 21998291	8	36	25
6794	pmid: 21998291	9	29	19
1057	pmid: 21997759	3	24	20
1057	pmid: 21997759	6	28	17
3845	pmid: 21997479	5	28	20
3845	pmid: 21997479	14	24	2
2817	pmid: 21996748	4	16	7
2817	pmid: 21996748	5	25	5
3845	pmid: 21996748	5	25	15
1057	pmid: 21996748	6	30	24
4280	pmid: 21996748	6	30	14
4280	pmid: 21996748	7	40	2
4280	pmid: 21996748	8	39	11
2817	pmid: 21996748	9	23	21
2817	pmid: 21996748	10	45	28
2353	pmid: 21995960	6	19	7
2354	pmid: 21995960	6	19	7
3725	pmid: 21995960	6	19	7
10535	pmid: 21995960	6	19	7
3727	pmid: 21995960	6	19	7
1057	pmid: 21995960	10	28	20
1057	pmid: 21993922	3	23	10
1057	pmid: 21993922	6	23	22
1057	pmid: 21993922	7	19	7
4280	pmid: 21993421	2	14	8
1057	pmid: 21993421	4	27	26
4280	pmid: 21993421	8	39	29
4280	pmid: 21993421	9	17	2
4280	pmid: 21993421	11	22	8
55364	pmid: 21993421	12	23	22
1057	pmid: 21993421	12	23	15
5743	pmid: 21993002	2	15	12
1057	pmid: 21993002	4	11	10
5743	pmid: 21993002	5	29	7
1057	pmid: 21993002	6	22	19
1241	pmid: 21993002	9	23	18
1057	pmid: 21991388	2	14	6
1057	pmid: 21991388	3	16	13
6774	pmid: 21991388	4	26	13
6774	pmid: 21991388	5	12	2
1057	pmid: 21991388	8	17	8
6774	pmid: 21991388	9	17	7
4280	pmid: 21991388	10	24	10
4316	pmid: 21991388	14	16	3
4316	pmid: 21991388	16	30	25
6774	pmid: 21991388	16	30	6
55364	pmid: 21990070	16	17	10
2011	pmid: 21990070	18	5	2
1057	pmid: 21990041	5	30	18
1057	pmid: 21990041	6	18	17
1057	pmid: 21990041	7	62	48
1057	pmid: 21990041	9	22	18
2011	pmid: 21990041	17	5	2
